1.529050316648048746e-01
6.113661755437466150e-01
1.839172179241832794e-01
5.503380489434473583e-02
1.364235470706460507e-01
2.187572354833786439e-02
2.351587771704949925e-01
1.218335334450676571e-01
1.201757025605884460e-01
7.809201064896736932e-02
1.972689543647487831e-01
5.599411273868308836e-01
9.575393260048298272e-02
1.513262144589751224e-01
3.512240250667849478e-02
5.969832582679023697e-02
1.245954379664251932e-01
3.367248954173924780e-01
1.055737296070876768e-01
8.864861630567272277e-02
3.821160377591385493e-01
3.637925776040887293e-02
9.104433956250476689e-02
8.900208143940485650e-01
1.440399439287721739e-01
3.459222117081925951e-01
4.555507331025595436e-02
6.448505127781893886e-01
5.833982422760765063e-01
9.316770256655630689e-02
4.824371776895185204e-02
9.621470769188564254e-02
2.356201171485979712e-02
2.770740598165561189e-02
2.187269440683893285e-01
8.710558409304514083e-02
5.728894057214278801e-02
6.348196284386004029e-02
3.462216904707486331e-01
2.753502986499656302e-01
2.681176319198212421e-01
9.512468342839132118e-01
5.688244714967575222e-01
4.221005148164278520e-01
7.718172689299740430e-01
1.121431528343970196e-01
3.506982932447024193e-01
2.144536438742337681e-01
9.089344662476789641e-03
3.501403713059955680e-01
2.946661341429405723e-01
3.407351620165682826e-02
1.123332886983285095e-01
9.728094872934861526e-02
1.003738471307040608e-01
3.155508173605071215e-02
1.230734799047735056e-01
3.121788254664434326e-01
5.530930190577983824e-02
5.264147666446358786e-02
2.103006959221660754e-01
1.476261805264917626e-01
1.026948421379249160e-01
1.396583251545442661e-01
6.244597150638724753e-02
4.196689397307120650e-01
2.646380810815878171e-01
2.969657497692076986e-01
1.847252881508794353e-01
2.102080749849735974e-01
4.548950134370002840e-02
1.501146900567851827e-01
3.037790407369163059e-01
8.233448783492719469e-02
6.177393283367592636e-01
8.034427771921973105e-02
9.288577789488682013e-02
2.784552796448262479e-01
9.066267308804255853e-02
2.894543178369605729e-01
7.157533553606097998e-01
3.204810345735988886e-01
8.604750739002899051e-02
1.859950717546932641e-01
5.623686961475344859e-01
7.341544732345514634e-02
3.034545528409500759e-01
5.261629811146072422e-01
9.260311976044796611e-02
4.467864870363411067e-02
2.955864089976237286e-01
3.885022156911352997e-01
1.510702333831693278e-01
1.877657327371377860e-01
3.285376774967045943e-01
1.973939134750434810e-01
2.454899599318717263e-01
9.494780337901982670e-02
8.210498096102195054e-02
7.983988580136636148e-02
2.085295879650546913e-01
2.139291136590423248e-01
3.144936901461093531e-02
1.711481703066997928e-01
5.856532651342093859e-02
2.876200537540052338e-02
9.735311183677405333e-01
8.021568122973708748e-02
5.448434694548105056e-02
7.428690300856813367e-02
7.993889845086887824e-01
1.630155682057111421e-01
1.163271260627547765e-01
1.474908130394383676e-01
4.926069261939963057e-02
1.062948204393455998e-01
4.504819876510510190e-01
7.448483043494950884e-02
3.280787420351978512e-02
1.976432470919295414e-01
6.370125634673054482e-02
1.193773564847759733e-01
3.857560127633382629e-01
4.416603835367876596e-01
3.514793488212213934e-01
1.409540474250252362e-01
2.693787072206205169e-01
1.103821781390764006e-01
1.851197939336257370e-01
2.941136554695331640e-01
4.842946898598445848e-01
1.382710146971837806e-01
7.535181286868031236e-01
4.455905905848935866e-01
3.907242550395287894e-01
2.449479788996694329e-01
2.799374649701308337e-01
2.909235375471787011e-01
1.287843337556729695e-01
9.553040714498766128e-01
9.192250651502263670e-02
6.385282056814123308e-02
1.661104394312953592e-01
3.285177122873677025e-01
4.269127951053324210e-01
2.387912012992429722e-01
1.802030812438496776e-01
4.372733638978180959e-02
1.100366066402919951e-01
7.473686821413848269e-02
1.492348191676013680e-01
2.074549268668128554e-01
6.586494499509835954e-02
8.722687409513964207e-02
2.041375360841244102e-01
5.749617203671860688e-01
7.585493610165584821e-02
9.861139146072569472e-01
3.825218463956292503e-02
1.176430742142316466e-01
9.357243348375247904e-02
1.606362379383674543e-01
7.642331058091625384e-02
3.448100984875485109e-01
3.721667288266020113e-01
2.597025356110703453e-02
3.372629660779842831e-01
6.098421452886627903e-02
3.933588526263966795e-02
4.109367837345998531e-01
3.987040668425272938e-01
6.111821967213409978e-02
3.740549274333782731e-02
1.954756103326911187e-01
5.834289024836731841e-01
5.478289212223198534e-01
2.554743098345682029e-01
8.475276977268160483e-02
4.925262964620955725e-02
7.446693924336614256e-02
6.934702306998166699e-02
1.270648598844960342e-01
8.027216920877628947e-01
4.159008250212697412e-03
1.246069164174969379e-01
2.497961124213643816e-02
3.042025382172062753e-01
1.480220162075094603e-01
2.457712851709479562e-01
3.011367192925152869e-01
1.931197990184257696e-01
8.604627561552964654e-02
1.548647178201596197e-01
1.933187432085571589e-01
2.457260137612806150e-01
6.294786068170999949e-01
1.216963449869605252e-01
2.410397482124166935e-01
6.899594734877287916e-01
3.548109422310353200e-01
1.327604893952613052e-01
1.243473372476075339e-01
1.557518220157411148e-01
9.158806286944240482e-02
4.043638675670054861e-01
4.229357553278096926e-01
4.776539794678628936e-02
1.670205496752113217e-01
1.436068660859858293e-01
1.500926004322853391e-01
2.791263666057925419e-01
5.210784113645642313e-01
4.445473185956592688e-01
9.651017341825373075e-01
3.144325370720792434e-01
1.624577046722919596e-02
1.833377243463492623e-01
2.151306666750235352e-01
3.688254900696186223e-01
2.276321943160674877e-01
1.094936337051896080e-01
4.597945177917322490e-01
7.170638258946300247e-01
6.443351378229306148e-02
4.656734394651136644e-02
8.345112472794126435e-02
4.417006356413545887e-01
5.291939983385228752e-01
2.098662380158738613e-02
1.447932151441414794e-01
1.369673325086653848e-01
8.589682873183999146e-01
8.287886334750994566e-01
2.488047175202771216e-02
2.957895009383382234e-01
2.112523462707164429e-02
1.832028029501214517e-01
1.822877684820412014e-01
2.656317392084249773e-01
2.973713408366239833e-02
2.141382463564011907e-01
5.445546213977089378e-01
6.163335151576166959e-01
2.066932522155267571e-01
3.077858468688997665e-02
1.576936573443592227e-01
9.412068557008241854e-01
2.535803039959000360e-01
8.504264459268152665e-01
4.060693998081786882e-01
8.474876193076449349e-01
3.832465818416501135e-01
4.207967769515887357e-01
1.840233618953955597e-01
2.124500979410070267e-01
1.105570392188912759e-01
7.409978323261068311e-01
3.681716260674134933e-01
3.237307656859957777e-02
1.226056646426443991e-01
7.577732462349763276e-01
6.688385250640240809e-01
7.607119016661999245e-02
5.587952617994244170e-02
4.497517362735036772e-01
3.774284929326316429e-01
2.417498614282949099e-01
8.336711996223823695e-02
5.164971100759876421e-01
2.047660233791649409e-01
2.782228984237225880e-02
2.441045111327007633e-01
3.933466289623880480e-02
1.138699629263193458e-01
1.963212987865087245e-01
2.119816641797278300e-01
1.659499273252380558e-01
1.939234591576419545e-02
5.405157803416605483e-02
6.502830604928167002e-01
4.259569111919311868e-02
1.418598847242170946e-01
2.618259759780928730e-01
5.808353555074339397e-02
6.336434660689388432e-01
2.077289358369323879e-01
9.769262119603743244e-01
6.639589536325695152e-01
7.059730252411834661e-02
5.974427596678320851e-02
9.511757728692797897e-01
8.245450048151012346e-02
6.532353449133743162e-01
9.693039940539334431e-02
6.769898875933060001e-02
1.525543742220459298e-01
1.134288410254344487e-01
1.741283029895206447e-01
2.270814039827885045e-01
2.377981675036874298e-01
4.343330757996914371e-01
2.288530159377612783e-01
1.131157930662771427e-01
2.746910402501155368e-01
1.508781351082263689e-01
7.818945380377435861e-02
2.181207906287195020e-01
7.238377264873165073e-02
1.324178621184849969e-01
5.733202193173367323e-02
1.379320119014934044e-02
5.615429392693034316e-01
8.982740747389870162e-01
2.074520421245575064e-01
6.817162744874789848e-02
6.130244666131460241e-01
3.189301140384540600e-01
7.039463284867694126e-01
3.087051931150457465e-02
7.715500154504816299e-01
2.164183908542383628e-01
8.533605245140001294e-01
1.551065071969155162e-01
3.328143819760479016e-01
6.971660694968744021e-02
4.757300769672079266e-01
9.583744356445842438e-01
3.116615745072246479e-01
4.800818856941156398e-01
3.588760782727046239e-01
3.816236295165732761e-02
4.151535361223382403e-02
5.041935286429120033e-01
1.556832498251497221e-01
1.497769447497806494e-01
4.428564739852551835e-01
2.473451566103885557e-01
2.072941616355679362e-01
1.847954314962263755e-01
2.542388368364287277e-01
4.725094034161885226e-01
5.847088759293789240e-01
2.749440705231427362e-01
1.956232889427639843e-01
5.844038098719788604e-02
5.789111677570230735e-02
3.798445637514443751e-01
5.457895144959086509e-02
2.045695239419620393e-01
9.467808556935003450e-02
2.069272394404539916e-01
1.301331385609840186e-01
5.936942673940986265e-02
2.297759125673407565e-01
1.538300456240820624e-01
3.864865643400438033e-01
1.669594849954148252e-01
3.006182428907130388e-01
2.505324823160371972e-01
1.493593250693565043e-02
1.038096632369091971e-01
2.507258187088823864e-01
3.566129504958686636e-01
5.157260240497379966e-01
4.659868120145847781e-02
2.424644788244026128e-01
2.609107372766570343e-01
2.383800076914353305e-01
1.776105331619834971e-01
2.919423283002460789e-01
6.445056871618813910e-01
1.690508408311708066e-01
6.572747543754624555e-01
6.490086702825046405e-01
1.250390859177594460e-01
7.914753159710392616e-01
6.479846784433943019e-02
5.914895076891135695e-01
2.177079718581976797e-01
2.679728919384145036e-01
1.762577933762035642e-01
5.902736658369703848e-01
3.844662972802599943e-01
1.717176672961363282e-01
9.897987028679591792e-02
6.191715412525001794e-01
9.697877769343725418e-02
1.046972934194258936e-01
1.748155970376130131e-01
4.744087801166217422e-01
2.998461780836809698e-01
1.492671642048897240e-01
1.051070716623811879e-01
7.097854819602928966e-01
8.239135552575468924e-02
1.715021369502587600e-01
8.687250110902666744e-02
4.034029325703499258e-01
3.910678003752440235e-01
5.731653134356406998e-01
4.881293397695461445e-01
1.414139419147991683e-01
8.495112897793899442e-01
9.965938261943181331e-01
9.358549771361071024e-01
7.365723511525394951e-01
9.613672721734523030e-01
2.228774239281216818e-01
9.400249322199226709e-01
6.489411099164975605e-01
9.619332054610031379e-01
5.529011153515309696e-01
2.960482489614854051e-01
6.224692994175264893e-01
9.863598127528365733e-01
9.231575666459652663e-01
4.222691732036695789e-01
3.482629001444771388e-01
9.766170253892595410e-01
9.895262862645700652e-01
5.933307543707369014e-01
8.704301082633799647e-01
3.668881059307114167e-01
9.764884742054786848e-01
9.559687046392170151e-01
7.277598246617525968e-01
6.271780401075296441e-01
9.556271911573095412e-01
9.688749902940752001e-01
2.266749573178403199e-01
9.982487660364768312e-01
9.542720332762092417e-01
5.907770237639774491e-01
8.656715116265923937e-01
4.613423407139312094e-01
9.613233430131228330e-01
2.543893564571242383e-01
9.999703579688226096e-01
8.661382144667830740e-01
9.817168471771604565e-01
9.798572258349556030e-01
6.948103360480115676e-01
4.967871436377940819e-01
9.835983774959770054e-01
2.767645140490270217e-01
9.999655461436836035e-01
9.976466817214797445e-01
9.935807571914834213e-01
4.076495935041851704e-01
1.925005902929879387e-01
2.197504276387638733e-01
9.746607281295590619e-01
9.813554871154674952e-01
9.833330945139613366e-01
8.822985563346750215e-01
9.936545464958086438e-01
6.319593505779926845e-01
9.861855005951569719e-01
2.105304808185856913e-01
9.922444989085408285e-01
6.442877272915653597e-01
7.787308047470551386e-01
8.668977955585872586e-01
6.783236790191122800e-01
7.686572376399619655e-01
7.643181149078522862e-01
9.556168702601649523e-01
4.622648023579197796e-01
9.999344074038218899e-01
6.743955886902497365e-01
9.498203928825784681e-01
6.101756670448627018e-01
7.491859113224607070e-01
7.273443183794517930e-01
3.834639506721468361e-01
8.379940665072286299e-01
7.594289332650689950e-01
9.999100222413496164e-01
9.927031442084357504e-01
5.975188479853824619e-01
4.328167879027017273e-01
9.999996120195078220e-01
6.571435518011312649e-01
5.320503702128606127e-01
6.942853838791109844e-01
8.525954468775057693e-01
7.413262898020939184e-01
3.865641446746670984e-01
8.205990107280664025e-01
1.376339654871531482e-01
3.474293437054066791e-01
3.447670659146637173e-01
9.522196017861632722e-01
9.133709889770602608e-01
8.989236768444794912e-01
6.240148402940227657e-01
4.612150415972260942e-01
9.999980976791786880e-01
9.999571068572473687e-01
6.253073120236608551e-01
2.165187691898277089e-01
3.068325288326994582e-01
9.153662037092248349e-01
9.484973623936953091e-01
3.330900630257538353e-01
2.138788576398386043e-01
6.457345786481597516e-01
9.911572170956258754e-01
8.594920010187058201e-01
9.966082712137375177e-01
9.999808846112729910e-01
9.065548586926298613e-01
9.770331798753699726e-01
9.767932958826861523e-01
9.981237971918870411e-01
8.685662171065321457e-01
7.006356104996933620e-01
2.143508327810773328e-01
9.908828238138440714e-01
2.400995884989435558e-01
9.436333574494076837e-01
7.558663920110045842e-01
9.117193471523359349e-01
5.007450892939809828e-01
9.824085617322388941e-01
9.997631291532863562e-01
9.794540670179420205e-01
9.071403091108558581e-01
9.999920214908220029e-01
7.392562605413661725e-01
4.406028874140284213e-01
7.047779729362594336e-01
9.940167112198469157e-01
9.953788828123348864e-01
7.284725317745988082e-01
4.737999010941597033e-01
6.069468633188180862e-01
9.965986097771097896e-01
8.393288952549768922e-01
9.981509391316496504e-01
8.189209877375891455e-01
4.700015593698084193e-01
2.839341368082957673e-01
9.969530560493163884e-01
6.463670701455905832e-01
4.836632997547772872e-01
4.961379481610358466e-01
3.243861756947625241e-01
9.994683485494973985e-01
9.979052502908085653e-01
3.720044427720025082e-01
7.794770055262146835e-01
6.935654955354556561e-01
5.111428270457651912e-01
9.736770536222024708e-01
9.983760667829668645e-01
9.955957451987998974e-01
9.977354736206264230e-01
9.687628397778591527e-01
4.044463408368418333e-01
9.415063519281683391e-01
9.991131466334263189e-01
3.610352293752651653e-01
9.784048725381840894e-01
9.302338542677542899e-01
9.463783328652876081e-01
4.472716303078178579e-01
3.429672686324219955e-01
6.081977991423402896e-01
9.992898543493039520e-01
9.475919356934625615e-01
9.999999906522388793e-01
9.820394904354509125e-01
9.370766881529484227e-01
8.364549192700417857e-01
2.852504021029249048e-01
9.999999575213289749e-01
7.950044780614670126e-01
9.903159727772745669e-01
8.488343521870270747e-01
9.999619472466204639e-01
9.298756514332713330e-01
9.974600881951832809e-01
4.011874093863327384e-01
9.922420842921193529e-01
4.357960388460867529e-01
9.999895659425954708e-01
9.999804064780203339e-01
9.976241422826193084e-01
9.167395997346176051e-01
6.955952518462014122e-01
2.495790336203155546e-01
9.733241368842461272e-01
2.249873504110974365e-01
9.998915935118781739e-01
7.706922791399735129e-01
6.681481345410863470e-01
1.199567729604116978e-01
5.106153488835635246e-01
1.946416154009612265e-01
7.631867151807027183e-02
7.339308660769272574e-01
7.239165169786377918e-01
2.181299015507916494e-01
9.999045581868037935e-01
8.087886355762994306e-01
7.170130914274382983e-01
8.251117230297264626e-01
1.278712853627544666e-01
2.044896340775149979e-01
8.836572189553728585e-01
3.567401399623795766e-01
4.270807439219864166e-01
9.583808172799659353e-01
8.859095561426971743e-01
9.273169178645739308e-01
3.645277668738433619e-01
3.621969869832769584e-01
4.190118807434682346e-01
8.621134608110990749e-01
9.352448651042046812e-01
9.359944553726199379e-01
8.119005272848726085e-01
8.063554663482175311e-01
8.489946303459068311e-01
2.306461808453868778e-01
6.560857660040141370e-01
6.616448626207573902e-01
7.326758000040598517e-01
8.222873297362948142e-01
3.713186394715757288e-01
3.631124236458825316e-01
7.816127494450855195e-01
9.970104249175030242e-01
9.725824040151211936e-01
9.925914735347527440e-01
4.979737044040502547e-01
9.979976360888102027e-01
6.541442112019355548e-01
9.908157765438052600e-01
9.987023510622980993e-01
8.129024556146507985e-01
2.641607061229176434e-01
8.869104060316396199e-01
9.957650798350434762e-01
9.994774835623050357e-01
9.999980556769360041e-01
2.446679556479714190e-01
9.959442024375861902e-01
3.935821757382062525e-01
9.460930839118033564e-01
6.526551724273506050e-01
1.912531985099204523e-01
9.997354497391116590e-01
3.129046826314259566e-01
5.105373778972255305e-01
9.205756914934394297e-01
9.956898143309121929e-01
9.996947146225620973e-01
3.998629767902612264e-01
4.646688405400558053e-01
9.349337573668777823e-01
4.649218786187421792e-01
9.985908421119364942e-01
3.944953994137113118e-01
8.147087835255459876e-01
8.641391149212962475e-01
9.626039809871664854e-01
8.065168053139977200e-01
9.663334653137876096e-01
9.053539840708134667e-01
9.956295234933917326e-01
5.339523780707116085e-01
1.000000000000000000e+00
9.224922270944359015e-01
5.018272858469264852e-01
7.903264602210512413e-01
7.157275094756176959e-01
9.740148067821190470e-01
3.275857088658555849e-01
9.999800279249976276e-01
8.526278764977498481e-01
6.044431473386092657e-01
3.668773476679172973e-01
7.746571744969175111e-01
9.999992340048372563e-01
3.000894132675352988e-01
9.701461281641708956e-01
8.574004263328225406e-01
5.747729564003563052e-01
8.196093486457011190e-01
1.000000000000000000e+00
8.992962018284598180e-01
9.826585695369699502e-01
4.338744351039004465e-01
6.118608438436724528e-01
6.255376951464843849e-01
9.607850767313838025e-01
9.999999999999238387e-01
7.713017954540419829e-01
8.461158999871670749e-01
1.369604610163738800e-01
9.925394224127664922e-01
9.501523995591076854e-01
9.972006570186662255e-01
9.758217048638627711e-01
9.341108515119562750e-01
2.089042982555277261e-01
3.051924071746247025e-01
3.155708280735867177e-01
6.858748954346740589e-01
2.505914542694735458e-01
9.504387028516230185e-01
9.851643530025592232e-01
8.954302453693943065e-01
6.254056973762316396e-01
3.479121707429665977e-01
8.248531797321001502e-01
7.779971289024681935e-01
9.894682758403142708e-01
9.999999765100046067e-01
9.323616536833044810e-01
9.999995929248878257e-01
9.483569898846148094e-01
9.990457959055244475e-01
6.458558068160382692e-01
9.653742194870469362e-01
9.999999981596849885e-01
6.750874785702933867e-01
9.684039638716401832e-01
7.111446235124757598e-01
9.968778943616075638e-01
8.434396311341837427e-01
4.012056709155345513e-01
9.975938520585222458e-01
9.997434081950266060e-01
4.439730923158032305e-01
9.980357639032947370e-01
7.868499413604681525e-01
9.997878251851028963e-01
3.336090757670251428e-01
8.510108752416887246e-01
9.981023948181649841e-01
9.973862363625466410e-01
9.939608593031939998e-01
8.028655118534074875e-01
9.387664965454980415e-01
8.666965299410901435e-01
5.104283626580992106e-01
8.967806410390638527e-01
9.807339661396742292e-01
8.330598412535029640e-01
3.174775720233428133e-01
5.416256163373827093e-01
3.888773298392227962e-01
9.977240764316966937e-01
9.509067728960702848e-01
9.943769178230215111e-01
7.844263134170207374e-01
9.899956144011045067e-01
9.960958333496051642e-01
9.556254578044830472e-01
1.175578521908270530e-01
9.751762563391620509e-01
7.687833133158827881e-01
9.706128913443468065e-01
9.999406861762708543e-01
9.973268715816742125e-01
3.800326694702171326e-01
9.968023407206667574e-01
9.983950725335908327e-01
8.110367613572849743e-01
2.727715239660335467e-01
6.745738725435892480e-01
7.343680658721557508e-01
3.826676132380141260e-01
7.388440607644070068e-01
4.169075906655922981e-01
4.965559768079235714e-01
9.672328247448964689e-01
9.080890716621103920e-01
9.943222940379879971e-01
8.163454392066343823e-01
8.025900680458903924e-01
3.358178379818501647e-01
4.232971767897536486e-01
2.806842947943409827e-01
6.708369164074516888e-01
5.944751872188716035e-01
6.765967355744917366e-01
9.875157629084420075e-01
9.238472624620849283e-01
9.395779247069901974e-01
6.190279408243463122e-01
2.779832978470503368e-01
6.555992103725558628e-01
2.881762924967581907e-01
4.255422938747820960e-01
7.512651448825579115e-01
5.877262736557885558e-01
