8.699070440263564352e-01
3.829289416738326790e-01
1.464365472941865920e-01
6.429509314714212387e-01
1.061785171451929133e-01
3.025424000997301577e-01
4.208989247161460390e-01
2.415094685512657671e-02
2.908017800029179603e-02
4.090008601705651392e-01
5.524067844729544513e-02
6.847052657624387306e-01
5.922409890041403085e-02
3.452952649159362619e-01
7.242365012216400721e-01
4.458771253945337937e-02
4.809158258400018406e-03
4.297532034033944015e-01
3.468225263012020276e-01
6.175324699039354964e-02
3.481050742718264646e-01
4.552996385176947824e-01
3.810695296377329400e-01
4.931452456805066609e-01
3.708778069189396787e-01
5.256048926516411479e-02
6.109249283672606168e-02
4.020364490771771160e-01
5.881113016202353938e-01
4.638039423158527713e-02
7.119833426601706039e-01
7.313224722842750491e-01
8.794038042036252945e-01
3.801958076201109038e-01
1.346170934296586630e-01
2.180825452652161364e-02
9.742473917192133459e-02
9.140977729132251373e-01
7.709660716315822615e-01
2.730358387515386953e-01
2.774921899745583925e-02
1.024189021815400946e-01
4.816861798789983107e-01
1.754290457241781676e-01
3.049104075766393973e-01
2.117627568707446395e-01
6.475891603580626876e-01
1.448061299120352585e-01
7.546283171873217899e-02
4.458105164549186483e-01
3.511620808426959423e-02
5.011395395204785164e-01
9.673272612834529771e-02
2.461202999844912809e-01
1.966136069158281319e-01
1.799631042248175383e-01
2.782493716815704343e-01
4.039040649155773433e-01
8.776427947629085458e-02
1.418152971279773578e-01
9.536133638929265854e-02
6.536651447639735268e-01
4.376689684978340988e-01
1.077444925808546811e-01
4.428246960660297549e-01
5.809580891521032298e-01
1.426068291113752884e-01
1.024315050091447604e-01
3.616473014346369141e-01
7.098384951320922953e-01
7.038405300578177703e-01
1.134378334103439551e-01
6.768970209317840547e-01
1.331890959477333436e-01
6.692190514330863538e-01
3.639711841795364444e-01
3.972334348898379219e-01
3.500428285222910163e-01
1.802801155926591140e-02
3.834168179838696733e-01
8.287215281537492206e-01
5.838613840403612115e-02
5.401335728160844285e-01
3.007223910628337715e-01
7.915975102467112667e-02
8.635937620258973824e-02
3.574164637485646168e-01
5.890409098795715837e-01
3.266023916486587297e-01
3.944192694378505920e-02
4.937277273103795050e-01
1.901989688658236796e-02
8.155542673736410064e-02
5.894992185566699794e-01
8.789319006758564146e-02
2.235735794203164151e-01
1.597590478538100378e-01
1.306477437120273088e-01
1.132278182572208913e-01
3.124779924011129584e-01
3.981135810056317392e-02
7.977514723096283955e-01
8.327445570516728290e-01
4.047746602719100029e-01
4.787162370365109498e-01
6.243265330525952540e-03
1.755137832183375352e-02
4.632771111540081449e-02
5.499966787738318486e-01
4.227859352732345199e-02
2.063149557594884387e-01
7.772203620780219202e-01
2.430341572305368680e-01
3.936760447897140469e-02
1.613588311386442709e-01
4.871475464205936301e-02
4.421288280515066338e-02
4.134990345455941685e-01
3.949516389379063019e-01
4.390716251389828462e-02
3.232634063967734783e-01
9.734184931689165987e-02
8.046179361126029606e-02
9.651451712614971257e-01
1.596827961195105006e-01
9.291204597474666052e-03
4.726380383149609288e-01
3.165515718272164380e-01
7.787237863889061584e-01
2.266411238501246928e-01
6.760744319403372282e-02
7.920363519284956411e-01
8.128432170778493449e-02
2.475446502732986734e-02
2.169917974103498931e-02
4.756392063433989015e-01
1.914588571373709858e-01
2.169480442869750891e-01
5.174980036856560162e-01
7.471656745596422233e-02
2.898671449415959889e-01
2.055329739846622483e-01
6.647452432209553785e-02
4.574932431841665509e-02
4.368521715595186095e-01
9.108886872802743895e-01
1.890408243393202625e-01
1.315953630824367483e-02
7.729679812837446373e-02
6.013723215233165442e-01
6.297382343888945355e-01
9.189334240283679456e-02
5.634377904233667245e-01
4.751448436294749417e-02
5.166239156131364751e-01
1.071834513792740834e-01
4.302924817704280036e-01
3.429239877217030164e-01
8.641506109511456479e-01
1.152262546031214974e-01
5.191746694692578323e-01
4.912431808195350663e-02
5.158889059810211064e-01
6.870055507548273876e-01
8.442684423178618836e-02
3.748571909851333706e-02
2.324838236611559417e-01
8.159281904113138695e-02
5.222959203836230468e-01
1.364039674386041123e-01
4.808492563206354098e-01
6.553328990422666589e-01
2.640440794154088611e-01
7.428205847790602112e-01
2.707762456821504182e-01
2.662255058523347109e-02
4.778723052560151507e-01
2.052561360632805809e-01
1.374055958432332247e-01
1.650059580674512472e-01
1.226644235050478315e-01
1.729334309610056630e-01
3.000193825389954050e-01
9.758954687301396591e-03
3.993459974576527571e-01
8.803250719791327894e-02
6.113596511517527254e-02
4.282527254436351849e-01
2.398664581315183009e-01
1.040702108912998636e-01
3.558801706595926539e-02
1.730980662058909936e-01
2.782244333592785446e-01
8.709134143658420202e-01
1.994105849084902848e-01
1.117492143052932346e-01
6.963549324557991582e-01
2.835974858842806312e-01
3.353028983519351081e-01
5.925705404709666890e-01
1.477634616701345716e-01
7.942959320558358460e-02
6.865336027115254147e-01
3.850339994831881302e-02
4.060047088109975388e-01
3.644829132426097851e-01
2.530319764618528255e-01
2.336586972080880176e-01
1.425620712049263661e-01
2.218506645644656092e-02
7.000053334967395458e-01
3.313109736857984267e-01
1.450737654215096539e-01
2.268500985814147775e-01
6.767857801682267138e-02
3.125386481057448179e-02
1.543268305810450991e-01
5.517231470433333479e-02
2.969099283092856423e-01
3.447956531674034042e-01
3.035135640285642131e-02
1.602068803649920048e-01
3.046719205490840132e-02
1.550041014537619499e-01
4.610737849958547185e-01
6.893125922563388963e-01
2.462320791777828921e-01
8.673382715635431783e-02
2.215999413870476387e-01
1.453856113320340648e-01
6.112925294149598177e-01
2.030274993249015780e-01
3.614884021797277192e-01
3.974384741262327325e-01
2.687265216309574489e-01
5.941711419099984237e-01
2.884333218929635567e-01
3.975424450536391152e-01
1.697240694668494809e-02
6.543598866459360286e-01
3.063352895395817788e-01
1.115495624729432034e-01
7.600151534372808770e-01
2.645169253759804828e-01
2.927870725236197610e-02
5.732665885003284528e-02
5.840350871922162651e-02
3.082939175642948060e-01
5.387106230856145705e-01
1.182690025624798247e-01
3.200469224335043550e-01
3.118083221392249360e-01
4.076809215134455378e-02
1.468527121713974204e-01
8.619529493187058633e-02
5.337603775404058809e-02
3.692911760349738143e-02
3.618433247411277365e-01
6.502246468214261110e-01
7.043662289121264963e-02
2.936206994923213909e-01
1.112751906172558258e-01
1.428072081921469005e-01
4.640989826523131412e-01
1.176609650964075271e-01
6.898494034937593389e-01
5.598089857785225609e-01
3.711692156072508020e-01
3.085885304108433314e-01
4.478382445596024719e-01
6.281179449244406188e-01
1.023538892789827015e-01
1.470584384717328885e-01
2.694197701903053993e-02
4.242077374918912791e-01
8.610157681942541552e-02
4.520297195162042980e-01
2.638551171866727052e-01
1.980646072291496890e-02
3.246678783218157061e-01
3.369294968020772330e-01
1.066608166105340316e-01
1.481375018424919698e-01
2.163586853557178113e-01
2.094267139032425507e-01
4.616953280976798801e-01
5.173575100204473864e-01
7.222891938014974755e-01
5.072334489605349050e-01
4.450154191572574525e-01
4.442791443561242559e-01
3.144500331385172709e-01
1.927770095533307693e-01
2.076935059947838391e-01
8.404918975137020132e-01
1.983681945834172011e-01
3.464525568082113538e-01
4.251739748807684127e-01
1.369804820668626966e-01
4.928084740781531470e-01
2.182543572410121091e-01
4.916490596779268807e-02
5.587822756036976007e-02
2.755701700521722558e-02
3.482982435271432253e-01
2.203760954787871151e-01
1.282309211745477073e-01
4.522067325761842671e-01
7.026627414241044811e-02
8.524054717445596063e-01
9.113346973935432249e-02
2.845458713160007452e-02
2.358956118086150966e-01
2.525727311221417914e-01
1.843023728266440439e-02
3.203147771574161307e-01
1.661453339038537411e-02
1.798929972374322395e-01
7.888820790173287634e-01
7.154593237592010713e-02
7.287954503392662930e-01
1.009336015066616132e-01
3.972636150088588725e-01
8.064334588948327553e-01
5.911961428630121279e-02
1.464685254459672237e-01
8.125982143494105137e-02
4.283313766610564732e-01
4.090174809343506517e-03
1.934088880680803479e-01
1.469753647998405834e-02
3.188989275299013992e-01
1.782330461687616219e-01
1.259164800995276057e-01
7.355911012486977540e-01
8.551694693097996458e-01
2.948128925041505477e-01
5.326345162511862963e-01
1.021319161715810858e-01
2.220677676422200264e-01
6.695144146037750321e-01
1.223979266929462462e-01
3.451751258166078085e-01
3.713318805088730579e-01
4.947385346727038447e-01
3.545561480146307010e-01
8.634908774995361247e-01
6.303548663541924668e-02
4.437407851935574188e-01
5.699687799792847731e-02
6.079208274901609643e-01
2.724333244028963041e-01
8.116563561575577124e-01
1.090994917189338775e-01
8.942654545106012431e-01
1.286727652331615679e-01
1.345856943683236273e-01
6.570474052378404428e-01
8.263095827867705800e-01
2.060472219379299100e-02
4.414995980728673164e-01
1.831281630346434097e-01
2.307489855576141391e-01
7.854071127821690701e-02
1.258962133101504399e-01
8.425735646936601819e-01
8.116763810802322954e-02
3.400487823105648455e-01
3.309681601913802007e-01
4.281480347627912297e-01
4.190279018323849192e-01
5.590756120653931488e-02
3.311096940234184438e-02
6.312037807846355986e-02
3.249567764803961145e-01
4.585142571915219456e-01
5.754053198660789015e-01
3.126666722068749960e-01
1.365750691128083949e-01
5.177192352337826042e-01
4.842070452317481788e-01
1.344126710856335394e-01
1.587529416204412624e-01
9.965433945192482545e-02
5.408207537762793615e-01
1.675834878294766850e-01
1.425112981250964972e-01
2.227755446237308923e-01
7.093230361418429997e-01
9.927022118801159811e-02
1.275918981288429177e-01
4.809481457262814175e-01
2.316790202308295979e-02
5.432663274007748511e-02
7.153751484244981196e-01
1.184851038519516286e-01
4.841826228420144651e-01
5.221975365550393655e-02
1.357936759826921802e-01
6.811610179079706506e-02
8.927226946261851426e-01
4.072629145616169510e-01
8.472870263006665459e-01
7.031267125071971602e-01
9.864748876198421446e-01
4.747702084116636190e-01
6.231932231606162054e-01
9.493657211342763080e-01
3.216625533939571624e-01
1.821902511120820911e-01
7.716273787677602192e-01
7.913303223428390654e-01
5.522710066757161584e-01
8.221869657717826296e-01
9.074518751159253993e-01
5.763884572868307465e-01
3.089730915580775616e-01
8.790001826464275414e-01
6.658631147294074015e-01
6.839208458869833196e-01
7.390397027996590262e-01
9.707603202752952409e-01
8.567243074095893807e-01
6.649477646488617388e-01
9.729678926339017098e-01
9.729983717298469337e-01
8.295882752364808210e-01
7.520418998364557517e-01
9.605113539475619300e-01
9.439805514095702677e-01
5.045989047073455858e-01
7.474898321756813235e-01
5.406755991946812223e-01
7.469219280142260775e-01
7.901538708095446895e-01
3.524067934153591319e-01
6.908314809211157925e-01
9.404821318278723252e-01
9.648973706187843336e-01
3.206333955145538317e-01
9.814299027400812392e-01
4.395614933185761908e-01
2.458634276336620628e-01
9.147124410611161549e-01
3.326667321123767396e-01
4.177316595683463474e-01
8.023718711909685330e-01
6.027572057915600023e-01
9.299757739155218861e-01
9.333647802454396736e-01
2.848088072501424040e-01
7.952273136350058724e-01
5.465340223137199471e-01
5.573363492153445842e-01
8.232228598213824355e-01
9.950344156204011803e-01
8.863843473482295732e-01
6.515505371165493109e-01
5.292816958124484383e-01
5.648663029770073507e-01
8.881334731085609446e-01
6.283387924787390277e-01
4.246829861699621955e-01
5.636081301237995111e-01
6.533693790538833701e-01
9.267978746229937892e-01
8.708889452913455287e-01
8.322704788390888897e-01
6.390055709457769240e-01
9.894794589864711609e-01
9.859038419855677970e-01
1.195967168508091649e-01
7.273020332752222483e-01
6.302115300588564395e-01
8.302729975098709359e-01
5.282247291983980242e-01
7.731696875536493430e-01
9.261096169519442700e-01
8.904655216223220648e-01
6.484203328813776812e-01
5.386598164492590879e-01
5.594536418349861373e-01
7.715851884784149517e-01
6.492843557400785892e-01
9.547169201954891493e-01
9.723116780743223941e-01
3.820320391976287366e-01
5.147400690297255776e-01
5.273430305450795830e-01
3.032316841309444233e-01
4.718359256373100830e-01
9.243165449911981968e-01
1.096934395750825270e-01
8.465847306450444698e-01
9.716000087417995257e-01
1.510764199709582201e-01
7.070630083017721557e-01
6.591829302240047594e-01
9.266356455801209036e-01
9.323945208360514547e-01
9.562655384965845773e-01
8.894681859288312564e-01
8.478850486300028022e-01
7.257172999842897987e-01
7.480065668994713146e-01
2.974483976916003636e-01
7.593640205137976995e-01
9.297585269393673357e-01
6.967537385487546642e-01
9.622074832100758757e-01
8.345676171764641049e-01
4.011143056841459109e-01
8.981346587763214817e-01
2.772036099356309236e-01
3.343038555948989465e-01
3.619286282003736921e-01
8.497066175512483222e-01
9.202610371222539332e-01
3.534516082352721078e-01
2.582173465436960469e-01
2.105612336190459122e-01
6.162578862849970029e-01
1.810054195273915756e-01
4.122834395478811587e-01
6.899520809987512715e-01
9.228032274370895349e-01
3.254615215853480237e-01
8.627991151965309635e-01
3.254258568671317131e-01
9.738211588088967474e-01
9.359647806131911052e-01
5.888382455889469291e-01
2.527178889855118959e-01
6.581576904751663681e-01
2.287997807687511265e-01
9.205890226756635597e-01
7.371668000334828941e-01
1.369044474943379719e-01
7.947988723794512378e-01
4.394175906667739939e-01
9.861808951335306883e-01
8.364894085429646076e-01
7.652873409997398291e-01
1.452500178936425301e-01
4.361894143845026495e-01
5.616751460300323240e-01
8.413659890085837256e-01
8.972230652967455589e-01
4.547747503708430283e-01
9.089260081830026206e-01
8.073588142964038816e-01
9.717527909739537284e-01
5.623784368486143270e-01
7.812168543930515519e-01
4.316700833929372205e-01
6.223071803187594231e-01
7.776700000107337196e-01
7.993585080432180634e-01
6.192639763514392603e-01
9.777202584648938544e-01
5.798786708476155738e-01
7.103145229288526652e-01
9.477601952242180605e-01
7.265844409594395259e-01
4.761534073442095782e-01
4.933448352115636926e-01
9.453840807172051441e-01
8.867874132366153628e-01
4.842968690118593100e-01
6.041905213740743630e-01
4.957406111227223855e-01
4.168509860138993606e-01
8.720588629319178109e-01
9.711074160911973285e-01
9.263894717013774205e-01
8.479702927270196255e-01
8.323347608459018554e-01
7.887309843394225695e-01
5.800261876952123030e-01
4.658907575999453043e-01
9.695257000164132499e-01
7.802161325919804158e-01
8.148747112411532934e-01
7.041430490598515890e-01
7.688994974977035879e-01
7.094608205761606667e-01
5.263505517735531797e-02
9.099398664628837174e-01
7.557659569442506386e-01
9.253204712668399168e-01
5.694783918016895763e-01
9.192345189088247936e-01
6.429668331281437332e-01
5.914065467650349017e-01
9.504217942219201909e-01
4.908170646007834481e-01
6.028801662990768140e-01
8.498586684304145766e-01
3.898438742294815795e-01
9.307968942794223599e-01
9.661070662671789044e-01
9.493065758318581793e-01
8.190570539182284726e-01
3.443486363740234091e-01
6.597608798582572653e-01
9.272393995439660586e-01
8.404466629281663881e-01
3.360037337823392756e-01
9.259390681821326741e-01
8.772030997629607363e-01
8.176109581635899737e-01
5.763845359237242949e-01
8.432119728144891191e-01
7.278555202621137532e-01
6.044877080125184987e-01
5.825127148960433932e-01
8.023314522552422723e-01
7.874093197507583408e-01
6.096810542346943196e-01
8.816703594286666723e-01
9.855481454122398954e-01
9.853621547264567182e-01
8.703943824273080443e-01
4.245282707070982542e-01
8.666936318872173750e-01
9.154482924486050388e-01
9.563163845212226954e-01
5.340516289733499011e-01
3.095944429592979996e-01
7.534487775417526567e-01
9.028155414713989746e-01
8.950661259826565574e-01
5.923064128450798993e-01
8.430649253158917222e-01
5.160448909284912761e-02
5.732772377902486394e-01
9.606304872927940997e-01
3.396936662381836447e-01
8.953191656832147904e-01
8.095353223782492114e-01
7.954761698478475251e-01
1.469074265280094493e-01
9.782644718555705277e-01
7.344212729579934207e-01
8.934315176737238628e-01
8.449410576528814110e-01
8.320412360248125028e-01
5.860809672074693832e-01
9.622239260153744311e-01
9.052976350223994606e-01
6.791565025755906815e-01
8.790034958105572560e-01
9.824422714650493660e-01
1.235934598635537833e-02
8.878347161192936543e-01
9.737342613112914824e-01
9.323612456583311170e-01
9.575971667297962231e-01
9.245832484438774035e-01
8.308959728387353971e-01
7.452386715330902023e-01
9.618854335753478368e-01
9.528945934783079608e-01
9.177137418836768257e-01
6.975446652710164397e-01
2.074437062479908833e-01
3.462399233746490390e-01
8.920733734782153590e-01
9.064310935901610522e-01
8.396305640035623963e-01
2.499280588486953725e-01
9.401169477697379762e-01
1.457360235677962190e-01
7.783591068909204713e-01
7.816300860659226579e-01
8.627647667328404157e-01
9.263863337237536744e-01
5.859575749473300288e-01
8.313143772496229822e-01
6.624641997600176913e-01
2.214783028112929097e-01
7.932152770445773937e-01
5.746185759759605549e-01
8.451828741357443331e-01
2.715057863724049114e-01
8.704384760064933779e-01
4.695265669858390556e-01
5.719849722862785368e-01
9.425547092812309735e-01
1.776958576851016269e-01
2.575621416376106532e-01
8.805861174816989045e-01
6.482462725689844829e-01
2.572556694072758443e-01
6.781700178638583321e-01
8.702550451014275934e-01
6.118125053847909278e-01
9.513650105818395319e-01
5.540744436555858909e-01
7.628026474363471809e-01
5.315769857368576323e-01
8.324551825834520802e-01
2.153787838157747714e-01
8.600337029331494021e-01
8.564244053543408342e-01
6.784600102873399319e-01
7.654787369338348357e-01
9.338105117758538354e-01
1.980676549849667845e-01
9.476116042814441975e-01
9.494323931966704988e-01
6.353091923911696748e-01
7.071336617161366744e-02
9.353931699520406928e-01
9.783141689892299597e-01
1.946844998852025610e-01
2.384948179745547681e-01
6.725863953881436874e-01
4.298791009556303111e-01
9.671519989203458678e-01
7.922844530835136956e-01
8.598435049808467179e-01
9.107162643105157773e-01
9.884805078786844668e-01
8.605139095369671587e-01
6.296410493974722300e-01
9.943826367289305690e-01
1.583681293204953766e-01
6.854737949501709116e-01
9.576290393224291542e-01
5.754464762274709155e-01
9.918993847751397253e-01
9.786098908334358581e-01
9.061527582584960605e-01
1.716861370675143161e-01
8.411486241536231256e-02
8.907722836668852118e-01
9.984298865821148450e-01
9.138024252590093433e-01
4.450889142399565013e-01
6.022135713502243526e-01
5.498091257593353820e-01
7.649699037034276561e-01
9.805863921792102866e-01
6.808173440414558852e-01
8.503477716930012420e-01
9.480218355582767931e-01
8.953335338704649926e-01
8.234050400672854320e-02
6.963822832117184669e-01
4.086181494295353933e-01
8.663076240662689331e-01
7.396948413633457342e-01
8.324767588510594285e-01
9.729446725180113109e-01
9.328982233747942221e-01
5.939948786795170577e-01
7.989227711557046474e-01
8.054652675668910744e-01
8.806620098163215893e-01
9.925538777687604730e-01
8.365099177619511606e-01
2.760352894411604030e-01
9.660137520120309906e-01
9.903468193498051741e-01
2.438828682631379585e-01
1.829620583232844933e-01
9.127945626243650912e-01
5.540651132480329810e-01
7.536552313248422452e-01
8.724666928606416016e-01
8.263893553698974381e-01
7.812748966808701345e-01
7.792367477747956794e-01
8.881058950733391466e-01
8.945942304877576579e-01
8.946405779300697914e-01
3.504000501352934061e-01
8.454177999200322979e-01
1.333540585548151913e-01
8.614795090579513426e-01
9.487487850546285628e-01
9.163665710281367893e-01
6.514589440369924489e-01
7.923835204954614575e-01
6.033322791400040908e-01
8.921290948279726463e-01
9.715057083556205564e-01
7.140248971847489301e-01
8.293136027645090502e-01
9.289084841719517094e-01
9.755750321989891116e-01
7.959302874551216211e-01
5.894830942981444943e-01
8.503923147037757424e-01
8.482260743758205379e-01
5.301498379288965834e-01
5.481921080013978376e-01
3.195355030514882566e-01
7.891049115908734812e-01
