2.869238362527109509e-01
6.928847194280493005e-01
1.807458754631159070e-01
3.527618197449037402e-02
1.053965836775350995e-01
3.648559745914547320e-02
4.361498832758320746e-03
1.969112208316059140e-02
8.902243635184950432e-03
3.406090699461264970e-01
6.048763562717035525e-02
1.105128398218716002e-02
1.715785868988634055e-01
8.943158322100658308e-01
2.245431174521445028e-02
5.279429122597258280e-03
2.562632474664343074e-01
1.474821646500189287e-04
2.268951754654707602e-03
4.486771779946801542e-01
2.815552212400587273e-05
1.784806623807665416e-01
7.867523951772607523e-04
8.959036344729569626e-03
4.545549139093969164e-04
1.783221254375195464e-01
1.041492274175103393e-03
4.310341862560614773e-02
2.421702902057666640e-02
5.012147342699824204e-01
2.096040770584333725e-03
5.936578274771516818e-03
3.422305045483244879e-01
1.015929240182506530e-04
7.863671663507172194e-04
5.232756765895819071e-04
2.974171213801441935e-02
2.579407077141046556e-01
1.994491236364383246e-02
1.168643658822006298e-01
2.089941170958417235e-02
3.221130683423683422e-04
5.916910306444546873e-03
5.050973235756229390e-02
2.956601489547445224e-03
3.307677304408157722e-03
5.011915342177016841e-01
8.724322832680566492e-03
1.147751354242577569e-03
2.934039327561339117e-01
9.111383410748564726e-01
3.798265504350638311e-02
3.576243361463730258e-03
7.369260738909100272e-01
4.486046320468612403e-01
2.363533131669949810e-03
2.463769542769023851e-02
1.418147238018859987e-02
6.186388151950852855e-04
1.479397489123682012e-02
1.060190260531806386e-04
3.268457011281132498e-03
1.501453797534844405e-02
1.903039676237784916e-01
2.676616855765037543e-04
7.538185789286199201e-01
5.886819221833099365e-04
1.232504465174978766e-03
3.222583372461169937e-02
5.234091782684214059e-03
4.822728494318107365e-03
5.683366044028656527e-02
1.716737056007343158e-03
2.098595033856065772e-01
4.543644936267376422e-01
3.435291819763569132e-04
1.374874214124490596e-03
5.422729749374057646e-04
6.084196711043252971e-03
1.838669698858675372e-01
9.661341007079730092e-01
1.269694545613434533e-01
3.218119196415071786e-04
1.713233839607459716e-03
1.650619869775577983e-04
8.798420388455446134e-03
7.277508901922780105e-02
4.162674163286636054e-04
4.272992476948952317e-03
2.254159101378409077e-03
3.067930779671716457e-01
3.549577941367804135e-01
1.181124982344065660e-03
2.729795436739812422e-03
9.777095235947721452e-01
7.399639601253773513e-01
2.346072025407895179e-04
1.738273782541774337e-02
1.404869763871775725e-03
1.459708239410449915e-01
3.459678402134014341e-03
8.753310723751536737e-02
3.131040822326260908e-01
1.600132435744549067e-02
1.800143498449358406e-02
2.405589764747324572e-03
3.841837420390564663e-03
7.478969775277986799e-04
3.487536644428635563e-02
8.774422040385790669e-03
1.279774902699182815e-01
1.427585010660347375e-04
1.671953022025304651e-03
7.316716057955652448e-03
3.419603350717065316e-05
3.685949401422727954e-03
2.343479889328331789e-01
6.679728005206809468e-06
1.782677803115743920e-02
6.394562656853552962e-01
9.853186097011901981e-05
2.259181358282927061e-03
3.732765180859779711e-03
1.799363748026989451e-01
1.428842530046909587e-01
1.497326853813437664e-01
5.710875941891632029e-02
3.519206268159039142e-01
1.996714757244946563e-03
2.318909897611395876e-02
2.454710993138262305e-03
7.897719002532816931e-03
6.720518628983659370e-01
1.692988371924546848e-02
1.159379590298545079e-02
7.179675047078357131e-02
5.422681523254052659e-04
3.748739062851197401e-02
5.599628683091218188e-05
6.920469481510615507e-04
6.254820898727238591e-04
7.141735527022009811e-02
4.269695061932405472e-02
4.496475452229909547e-03
3.687233239396813401e-04
1.973490961543091350e-04
4.765795765463746829e-03
3.931517211614972765e-03
8.802885791412289095e-04
2.742115533335317060e-02
6.735910898051318541e-02
4.076683565980651912e-05
3.570702934551604757e-03
8.439661966656152199e-05
8.178957446361048156e-01
1.616435042201309902e-01
5.785764595130918168e-03
1.103629477280872736e-05
5.107714780083278533e-03
1.604231440191353653e-03
5.189093693256742190e-01
1.676396214175054347e-03
7.449618407229324183e-05
3.053493133877289295e-02
2.461251028463333924e-03
9.207211875412759650e-01
4.475240329765458984e-03
5.154600045453175579e-03
1.438274669063010540e-05
7.126390829024074024e-03
9.523711702802585902e-03
1.903369417672985675e-02
5.668524230006796172e-01
4.274919755048346183e-03
5.069624523983070619e-01
2.959822232456958413e-01
6.113178665877160300e-01
5.848365115704865641e-02
1.177464685934737215e-01
8.552937180471183176e-03
1.470176385294251487e-02
7.743061094379323495e-02
6.120234371805036849e-02
6.117393349052486183e-03
7.542827472738019567e-01
1.989232472745895014e-03
4.970934518400708848e-04
1.324683656521720987e-01
3.561445953702428117e-03
3.708752320991906288e-03
1.386578690166278475e-04
2.180817692043105979e-02
5.155016844207728141e-03
5.885200324801505506e-04
1.581580497582615041e-01
2.339654718812605072e-04
1.015877424923435513e-03
3.045700193543236511e-01
6.550144815651617325e-01
1.617578920819565669e-01
6.645778794131873557e-02
3.296357429970467323e-02
1.307565413595741279e-02
3.883179840805538185e-02
1.615073549704069619e-02
4.446581604760244666e-01
2.562270530438082727e-01
1.344109564311553595e-01
2.571764159665802796e-02
2.133919520295843655e-02
2.670133457418891708e-03
3.026328801337173569e-05
4.105942357028544848e-02
1.079881814332964429e-01
1.443476354948460549e-01
2.332711767391142457e-02
6.834317343537033018e-02
4.002305758233876999e-03
3.868451317581044976e-03
5.563355777172339645e-01
1.050283653627208727e-02
5.966488557190020511e-03
2.874295420782175051e-02
7.066453902012592107e-04
3.514993495203197482e-01
4.062476289330722024e-01
3.295911028539595389e-01
1.469891320928217067e-02
3.657814683138338550e-03
6.489766968708539710e-03
2.149064454523585133e-01
7.605867063298980824e-02
6.681281952986247927e-03
4.876248704675920781e-02
1.779964075459704309e-01
1.406542523000605185e-02
1.960350924504333792e-02
1.790773134292382163e-01
4.094909670843205340e-02
1.900655955933746449e-04
3.757224379938996217e-02
3.758304025597690445e-02
8.759673621472615496e-03
1.607884655890274087e-02
8.463043344447336580e-02
9.886463527436671894e-01
2.873098491505425289e-01
2.481290078731215043e-01
5.078948022488101455e-02
8.185309336731824703e-02
6.234645407821608198e-02
6.370187563071972869e-01
6.284761815854041480e-04
4.490269638687213760e-04
7.781807518580916017e-03
7.121633652358667910e-02
1.167460876858704699e-01
1.330540042664413690e-02
1.751483866958645792e-03
9.734955782019164835e-06
1.159196747507594723e-02
1.306268032409254876e-01
1.675255607127122020e-04
2.618837604687263010e-01
8.324740868143248873e-02
1.027869092568309446e-02
3.900304478999381446e-04
6.107284628856903819e-01
7.708627081354191279e-02
1.336623313227388622e-02
5.271984875728056436e-02
8.934573413611725939e-03
2.784986257179042964e-03
5.224168557200298268e-02
7.825794866193301613e-03
2.363771133565197718e-02
6.621437084032051612e-02
6.531853228455666294e-01
3.708660697458899374e-06
9.298572019889329854e-02
6.546191075803159398e-01
1.336998882535135880e-01
1.004045854496051771e-01
7.174683029736041162e-02
6.710064513891829396e-02
2.897761024555854312e-03
7.370384029944098137e-01
1.790266243930321577e-01
1.738153586819218832e-01
8.809547249180336992e-03
2.814627340505090262e-04
6.658772526669654154e-04
1.221067096084830356e-01
2.817545985257978794e-02
1.534341131001963066e-01
1.094163344285166965e-04
3.408977067744265455e-01
1.257405433555504391e-04
9.277117419764814576e-03
8.639283133396079978e-03
1.058490940408364639e-01
4.537305643996563109e-01
3.021919471414886375e-03
2.373757631831864556e-02
3.439814474336505643e-03
1.007843064897164079e-04
5.658588634122607708e-02
9.158934086872818486e-03
1.308709582579551008e-02
1.024719652917401892e-03
1.857567425486568724e-01
4.166873419266051972e-04
4.577936870605309877e-02
1.663443408014214364e-01
4.198169845810749613e-05
4.077496254848005444e-03
2.057286284045475311e-01
4.700923555071326657e-03
2.403656637732504622e-05
1.948421756797681908e-03
4.798402508583751030e-02
1.900181932369606570e-03
6.192481205677790035e-01
2.282308946107100903e-03
2.310174026710597878e-02
1.264206451091757707e-02
1.908557504373671262e-02
1.306377298246896043e-04
1.562687492624264401e-02
1.623620103443280394e-01
9.673261674818287026e-03
1.349337433086164302e-03
1.180602462808770653e-01
2.055774207033998519e-04
1.876259477357000438e-01
5.027687737843802296e-01
5.589302924556124787e-04
3.015443591899715401e-05
6.294628105435059462e-01
6.678759199955274228e-01
3.246184627608339669e-05
4.607295606622643903e-04
9.698668052358980218e-02
3.283622675314053305e-03
4.905759032512372886e-01
1.707146187299795059e-01
3.425192103657508924e-01
4.649818375843044471e-01
6.751233937083765957e-01
8.308324385080624597e-02
4.402441527177818428e-04
5.068907646646270138e-01
7.221733961650522325e-05
1.780050523381556532e-02
9.460394763449703204e-01
3.183898270864758684e-02
9.420356156003683035e-01
9.559413735192753836e-02
1.050536833668497122e-01
6.687161083281245085e-06
1.943870405111273786e-05
2.605551697135316536e-01
9.969339467586817438e-01
6.016338608122828724e-01
1.356659599989802059e-03
6.969732449848162160e-04
9.512414397774727071e-04
1.640846341995609026e-01
5.714637494709134957e-01
1.509589050197565271e-03
1.928577062707002299e-01
4.442720636025523917e-02
6.960466052254857816e-01
1.186350191186531006e-05
3.485328725064549844e-03
2.366938036804223748e-04
1.539768230105772739e-01
3.399575520789190064e-02
9.867746268942285265e-03
5.973649254265026576e-01
2.164495066980000604e-01
1.057103259636643340e-03
1.643269682217780026e-01
1.211174367444444767e-02
2.545559317844777181e-01
9.980914473597459757e-01
1.010260701444570634e-02
4.923117625590707350e-04
7.679301243261978938e-01
9.713528884783958484e-01
1.818660653024293649e-03
4.014923884198585437e-04
1.054150250906338293e-01
6.531817705021378609e-03
3.158294653726662939e-03
2.691202002636484125e-01
2.159989308514776232e-02
3.431719906795744485e-02
3.182256796006646682e-02
6.378191632391901067e-02
3.143463526433818989e-01
2.651204366070653573e-01
1.695497007809622164e-04
2.843003028078388769e-03
1.365509588001606437e-04
9.891250503411103123e-02
1.488970061348201257e-01
2.877134421188028840e-02
1.358879363915667937e-01
1.360242427245487162e-01
5.372180072111102517e-03
6.180332762540383107e-02
5.880923722340422044e-01
3.972310820716991493e-03
6.202658264439260202e-03
1.178076257930694842e-01
4.509751406248840855e-01
5.744361151931400532e-03
1.431027551272994434e-02
5.601643926950497163e-03
5.427751414479758257e-02
1.396056983198094674e-03
7.079433627917228189e-03
2.232728922859633777e-04
2.639442175176272016e-03
2.552430714443948943e-03
2.967694977253786809e-02
6.902345074210419762e-03
5.911828243442350528e-03
9.372990103795496575e-01
9.711707702859584401e-01
4.326553541242283279e-02
1.087487292084324234e-05
2.213261114522439149e-02
2.442021786686500440e-02
1.853664294702873959e-03
1.427267838192549862e-02
7.087820851257075061e-01
1.814790617108793256e-03
2.731949854975427860e-01
7.064953485087599981e-03
1.518421708859331865e-01
4.426445959758868180e-04
3.919855712067513154e-02
1.770479807277699266e-03
1.201394714324974071e-02
2.600994003872350493e-03
2.162197121568898862e-03
5.592331630046708680e-04
7.609295012261466096e-02
8.075635650788372255e-02
3.116489473710608582e-01
3.327542583870429782e-02
8.674684722433214160e-03
4.446101702775367460e-03
1.530821321254526302e-01
9.374887063058922054e-01
6.552556001691252352e-02
3.730317688004418375e-02
2.121035234191102122e-03
8.712459425641293567e-03
3.932045630348558751e-02
1.588323974447980805e-02
2.230216237721349692e-03
6.189628277138398789e-04
2.492583198005066808e-02
3.703414201196497863e-04
3.603195501176131160e-02
7.956265730356937294e-02
1.087089959639023695e-03
9.731467233087189028e-02
9.707179600427326416e-02
4.375954478284485192e-04
5.145322823711012726e-04
8.416595434081667118e-03
2.239835188936389887e-01
2.073530274192475487e-02
6.426558005288851572e-02
7.263067779340495571e-03
8.142134139887203040e-04
4.694865063057203879e-03
2.958066859243075643e-03
9.558043560189658124e-04
1.407558152151446203e-02
7.808564497433356788e-01
2.154992035776392631e-02
6.608433638067554884e-03
5.038393527533344685e-01
2.725709331389986403e-03
1.211978903430562513e-04
8.308330970028579010e-01
1.712473019714096933e-01
1.040256073241432599e-01
2.093646413228879011e-01
1.108362576029880612e-04
8.779561050197405223e-03
5.956186164120693197e-03
1.311441759406840359e-02
8.402154637923067160e-01
7.253207876676720002e-05
9.616571399509450668e-03
8.664613429728711125e-02
2.016399482259053147e-02
2.290532091354517650e-05
8.642140765385272067e-03
8.435995772999735571e-04
6.620233016552205807e-02
1.621125671012260336e-02
2.128892319851972414e-01
1.184142704046377281e-01
5.261588485141190930e-01
9.493046730425049873e-01
2.702232934398729556e-03
8.000861858511495450e-01
1.956000786278692255e-02
7.334804583788291470e-03
1.169961062342687397e-03
3.236938734260247624e-04
3.393581446089482534e-01
1.324419417998700668e-04
1.221821025199122529e-01
1.127223604492848391e-01
2.026140036073343850e-02
2.903182352947015210e-01
5.102633372688964997e-01
1.044994339250362439e-03
1.780001842933858491e-01
2.132504370901159793e-04
1.483384886936725432e-05
2.151112242995818508e-03
8.294208912542585729e-03
1.295937382854590869e-02
1.438176802580933564e-03
3.594309188639444042e-01
2.442705531584783880e-03
9.739852326764915080e-01
1.404415117266020032e-03
7.708013141367324635e-03
1.015786687628996137e-03
5.926977949803076406e-03
5.117500147817572505e-04
4.119851262960556593e-01
4.252586565448459146e-04
5.474679147039757630e-03
8.521981469785345764e-01
8.446721603000200904e-04
5.197585485638180069e-03
1.456653675988706376e-01
1.114587454451383269e-01
1.191873056942455850e-02
3.085213814131200369e-05
3.466442748551659269e-04
2.947426814646605941e-02
2.764394350535512497e-04
6.339020651259349298e-03
2.029592777802144074e-03
1.690213943745184954e-03
2.045483521030138589e-03
2.359770054187818478e-03
1.123423722478093540e-03
3.874467993391580729e-04
8.565268687953786486e-02
2.637830111793223464e-01
2.759049892451730210e-04
8.405333929281062488e-01
1.224129958809051927e-01
2.266196344994618125e-02
9.352678520663154638e-03
1.010147346197292273e-03
3.952199282031129690e-01
1.671515389644763136e-02
6.352305994743150629e-03
8.867196045271686722e-04
8.106586760419690618e-01
1.210418288402980991e-01
4.034440232195873888e-02
3.229755513141058243e-03
1.111898391444406429e-05
2.798008254431941233e-02
3.091438439384909271e-03
1.328472532392186573e-03
2.789783016243576469e-03
1.066061188827711968e-04
2.416164854875852419e-01
3.081295227352108881e-03
6.512982406080591868e-01
1.333607150177089362e-01
2.392830081145857768e-01
2.559814258349489904e-03
3.072679323234407331e-02
8.276208477648608897e-01
4.042913370189376958e-03
1.841829091264299625e-02
8.770499884184013162e-01
2.774174753392654597e-02
2.306251047631097085e-04
1.865268648369531324e-01
1.688422733197995212e-02
4.434361065227846593e-02
1.167099227404603812e-01
3.166019306532450589e-02
3.032443274080627235e-04
1.265723914466295721e-03
1.650189627517921198e-01
6.450822652816512459e-01
6.472502855572991043e-02
6.111277753001385232e-03
3.512647007702556640e-02
5.263676551282943025e-03
1.900716963118406853e-03
2.369378176066134767e-01
9.676872104154458087e-01
5.124830911669264310e-04
1.344234108763135466e-04
3.070696823156797428e-03
8.589470460696163601e-03
6.462961909567635325e-03
3.078459797020543500e-04
5.165844855200682484e-02
4.292708524104088541e-01
9.604238465718241136e-01
1.010633863223973352e-03
1.515460243798543438e-01
2.218206788052103789e-04
2.479905639591602901e-02
4.738302188443865165e-02
1.267804405062112616e-01
8.712629301083231470e-02
6.216619832846894678e-01
1.282342293781412726e-03
7.086295221585564401e-03
1.527019271408333947e-02
4.102716263087003434e-01
1.989055041294197489e-04
9.341244107611470365e-03
1.368432222009591306e-05
2.121381047952371982e-03
3.380211822796919726e-03
3.286225950773344427e-03
1.838441139299580888e-03
3.514318091658854559e-01
1.254024347346130374e-05
5.756993646018575272e-02
5.362606639268298466e-04
3.590500891503096287e-02
9.341963593849088613e-04
2.253759906483158437e-01
2.550251097750179108e-01
5.411357515485699654e-01
1.088394653811353922e-03
8.324148562867033085e-01
5.195769158424737855e-01
5.449769505108100764e-01
5.328544171650348611e-03
7.012454882855236882e-01
2.490034338190383594e-03
6.881215182082790482e-01
3.109674651383739427e-02
3.459008660680949147e-03
2.629494195036572547e-06
4.658743916414213523e-03
3.984093420224218279e-02
6.133840171821375482e-03
3.928307795631217347e-01
1.240637962051572979e-01
1.573172574447526811e-02
1.330772635446290236e-03
8.863105893560184467e-02
8.137789851129723084e-02
2.525293309899535599e-01
2.133108893378270476e-01
1.868875897767584282e-01
4.246888991836665350e-01
1.352653671045806047e-03
1.049296059246556789e-03
5.000552963709284588e-04
6.903939572149375703e-02
6.597358930446546310e-01
1.192799582518214857e-01
3.151570770204572547e-01
1.359533881945992062e-01
4.282469827475157090e-04
5.062613366870969897e-03
1.987307270087014174e-02
6.798852495644148730e-01
1.874930133377000069e-02
5.753577643907480388e-01
1.156670898198424412e-02
4.052790472512644848e-02
1.084080754865449081e-02
3.068861433637021241e-01
4.725708583747614128e-02
9.785442701232052731e-02
3.210382619295387707e-01
2.120700747097405744e-03
6.160032927344692016e-02
5.268038431309859417e-03
9.675923881206464634e-05
3.745763908524209576e-04
1.631314946101240781e-03
5.555926617618255027e-04
3.719795273552069931e-02
8.555293615886930270e-02
2.258479040132536919e-03
5.568425848247381821e-02
3.000342125855290192e-03
6.450931238538661072e-02
4.420677518867787738e-03
1.356169198405485221e-01
3.871757044359405882e-03
9.996590918345649168e-01
2.160287298442649818e-03
3.934241200467578190e-04
1.397299841414358177e-03
7.146567832137492096e-03
9.823190694902086406e-01
1.080778929594541438e-03
2.781136784116091665e-01
1.005221525073345668e-01
3.916229017310257077e-01
1.559997271254641438e-01
1.812168111013897354e-01
1.998581925798995629e-01
9.617979659810338422e-02
2.322129695464622903e-02
3.933371275130964628e-03
2.622145646667683322e-02
1.479733711928697681e-01
1.341649441601192039e-01
1.295831229439918346e-03
6.358546300486926650e-03
1.153453296079962054e-02
1.739789121590573054e-05
6.277391248579541720e-03
2.239203916834889563e-01
9.902399305963290391e-03
3.591797004701221489e-03
1.010856011804512483e-01
2.635040995023866794e-01
8.960272043106715101e-02
1.870129470875306066e-01
2.331374497107917320e-04
1.252640130176517486e-01
3.961293120397423213e-03
4.967458228798706660e-02
1.223211726248414448e-02
6.167126535572783202e-02
7.855780709440642884e-01
2.400402516505575987e-03
9.001370214864506253e-03
2.977725271456736940e-03
5.737520221663567899e-01
3.157084314035350130e-04
1.769908410686695747e-03
1.650510268303743422e-01
9.073316736312916344e-04
9.352829676111069634e-01
4.070623368509139750e-01
1.867345014777707091e-01
1.072275305715840628e-02
7.297085120682475327e-03
3.452789514148296018e-02
4.158023479561978042e-01
6.683746382721148568e-05
1.942430561681186135e-02
4.536338420175347469e-02
7.706306284477858204e-02
6.356568757099358841e-03
1.430283599997176670e-02
3.814552024401443586e-01
5.006292550694004806e-01
1.943680806891199819e-01
2.693215953295776122e-01
7.738995129242669550e-05
3.441513065866428516e-04
2.389376121241730197e-02
3.363475993778097806e-01
3.720576771171237290e-03
9.213711936663201985e-02
1.423921700147761250e-03
1.393516850759925641e-03
1.477631583447544181e-02
2.402301450980887931e-01
3.482263787259524696e-03
3.773791207249970608e-02
1.376411833169509033e-02
1.419455632582567947e-02
8.534966792860258951e-05
4.917051860698883892e-01
9.767842117528913355e-04
2.849853865293927244e-02
2.584632447209642137e-02
1.806387842590920501e-01
1.157363552823159614e-01
2.286600071975024573e-01
5.765946638289083659e-02
9.162113312437049914e-04
1.804943694768556817e-01
3.980388997741635126e-02
4.714079184862791233e-03
8.950049741809917598e-05
2.245859362016487393e-01
5.873886275216095437e-02
1.307986493182303547e-02
1.279780085478125990e-03
2.034042736581824788e-04
6.833695147793393820e-01
6.255397848952565796e-04
1.826811789256831836e-04
4.415172683552232914e-05
2.544818400855392362e-02
2.478799437209315004e-01
4.297420551858290548e-03
7.941546836879822546e-01
1.918754508920769153e-01
3.271281620067408719e-02
3.468630644483267859e-03
8.659314396042708251e-02
4.913042324042921766e-02
1.780890585699178852e-01
4.352704781086003116e-02
1.883362922627985006e-02
6.956542145590940418e-01
1.558544229927202041e-01
1.418053114021126211e-04
1.227856377799508517e-03
1.818316993519850967e-03
6.346370826864689615e-04
7.803930050489094050e-02
5.402550062056270159e-06
1.671392003293347859e-03
7.045584523380762909e-02
7.150369613065808705e-02
9.655597280837275864e-01
3.625230654335135456e-04
3.121740926693471543e-03
1.243830303644059138e-03
2.715076043046320587e-05
4.407821953409691434e-02
9.592527337725534342e-02
3.548564444694809333e-04
9.867602892852640473e-01
8.072206934364950601e-04
4.980373702324013795e-04
1.613068900789349502e-02
9.953055079374019398e-02
8.880518877117103346e-03
3.512610526729717519e-01
2.956961040903192117e-01
3.221506372719263461e-02
1.391975341129685420e-03
1.324837457930179820e-03
8.075797082196766981e-04
2.613363991800692898e-01
1.106192880529782751e-03
2.157536234627980068e-02
3.861413654849156496e-02
6.923757887079418083e-01
4.213814593034090339e-01
1.221136796512313320e-02
1.913714859075953678e-01
2.608778364922643977e-02
9.116599649971378339e-03
8.323532445856501047e-04
6.713889837306143051e-04
2.061424799936688139e-03
4.955547348583551059e-01
9.806388622973517821e-02
7.402833886743426239e-02
4.110515236293283553e-02
4.632315411028395911e-03
3.710769542866680926e-01
3.821494105745944052e-03
1.312709352067793593e-02
2.295502098569444319e-03
1.199647917865321375e-04
2.119210732721713009e-02
1.806456638308968167e-05
1.160998485445493373e-03
2.756081421689689920e-02
2.875693059346851391e-02
5.331615079769054522e-02
9.792857249848832026e-04
3.070217014964737976e-04
7.902577619767108333e-03
2.914891562883911366e-02
7.133791384317799134e-01
8.379332754596133595e-03
1.479159174539896975e-02
2.243564924457487207e-04
4.203691317013558484e-03
1.292174455796362234e-04
1.924941172122318894e-03
4.512661986957946375e-02
3.699458134930880965e-02
2.634209541067520921e-01
5.376845683684042809e-01
1.280665208449912554e-03
2.669033708833961922e-03
1.475503212878293002e-01
6.074878010509814075e-02
7.000386031536828639e-03
4.168920211264707230e-04
5.241959478527670642e-04
5.010452340267266061e-03
1.260333485271812257e-02
1.350062569013868626e-02
7.249653117285848047e-02
8.068835499527023947e-01
5.057327990930966521e-01
5.031953698954011456e-02
2.269272173338450840e-02
7.226615861423081599e-02
3.861930025855079122e-06
4.043951722586803244e-01
9.528870916843107386e-01
9.127753219616581148e-01
1.513681455247579966e-01
2.013457234175313544e-04
6.848139022057820463e-03
2.545529509353888428e-02
5.180117421486856409e-03
4.122586807827929140e-04
1.657476660940056801e-01
1.935479403067067936e-03
4.970278371341404523e-03
2.036586823877457528e-02
4.639060553380453845e-03
2.838425165630494018e-02
6.580323862918055272e-04
1.380947347414644422e-01
1.016710277457217454e-02
5.424031985130204139e-03
6.103771936556947608e-01
9.011464252282996856e-01
6.620388604283471146e-02
4.455481169958248715e-03
6.723373040948420198e-02
5.886234086461320073e-05
6.213908517559151301e-01
1.285315651307768117e-03
1.454815995161678754e-01
5.209896905688123914e-01
8.415382967315470086e-01
3.288440735454075357e-03
6.292580421108726618e-01
8.495008282060945853e-03
5.041788307392710850e-04
2.442875705503672404e-02
4.353813691271676183e-04
2.478165691195543530e-01
1.989551236962154156e-05
1.994539547952133951e-04
1.685845341336439417e-04
3.881932933834855303e-04
1.883710552639548735e-03
1.021792772291909290e-01
3.954599002165719301e-02
2.178041685226797808e-01
1.772079081752378146e-02
9.173360463747256555e-01
7.581087543122243255e-02
8.939398175879178935e-04
7.212848860649183650e-04
2.470833648353676915e-01
1.086855915485718797e-04
6.367038789681388200e-03
1.682287338833142725e-03
4.272364657244093959e-04
2.196840618640974740e-01
3.164630429856280327e-04
3.235432522692229806e-01
1.571576861811024295e-01
5.866787960151358637e-03
9.258781966472804780e-04
1.424707218869146474e-01
2.796438253302607757e-01
1.927213269115430130e-02
5.417212692229973758e-02
1.407921631408577505e-02
2.128163675672102226e-03
4.643405397910173316e-03
6.133016925036172910e-04
3.858112608051253445e-02
1.177016408765940863e-05
1.439909324344743925e-02
1.875276904365315105e-04
5.697380960717214268e-03
9.350990379555469412e-01
3.600799161779859314e-02
8.135459028463206885e-03
3.620615645511183664e-04
5.909451932772087461e-03
5.416819198740333019e-02
1.841701724804458698e-03
1.910853129012562643e-02
1.217333299480670844e-01
1.793529023707418494e-04
5.937512942086001222e-02
3.071799951334059919e-01
9.968395581702458319e-01
9.304080059304823402e-01
9.901744832838419441e-01
9.870293365663245222e-01
9.904951425375816410e-01
4.723487974279749202e-01
8.342263221536081463e-01
9.004737332251985249e-01
9.970124272247613550e-01
2.989979120276580749e-01
9.629122085669522546e-01
9.614825256891516014e-01
3.628402471011406560e-01
9.973047057193421550e-01
9.813122369617677254e-01
2.646731267427112066e-01
9.863159832886991829e-01
9.551952242977947982e-01
9.701345762466214717e-01
9.590548187605174579e-01
8.595613392071541625e-01
9.993487192727040780e-01
9.909794460725368515e-01
5.678828671900404412e-01
9.838111887657533527e-01
9.682094752572814045e-01
9.197758855685199686e-01
9.582633604861022780e-01
9.892639773347224885e-01
9.076509458755370741e-01
7.973351171137800231e-01
9.845155988644844758e-01
5.866751485814339917e-01
9.948690404289887157e-01
9.995991394673444663e-01
6.624173412507305958e-01
9.950416169732352323e-01
6.646262704979257752e-01
9.720280593804063729e-01
7.538460658429664285e-01
9.347762904054365274e-01
2.994197011310359979e-01
8.479928653808986860e-01
9.763863615551010566e-01
4.859931977285349980e-01
9.474150731345203358e-01
9.493537757170107394e-01
9.513489752896603369e-01
9.978432101108689611e-01
9.984529265047753510e-01
9.757430855217210652e-01
8.565546820514442494e-01
7.105109453535026764e-01
9.930460518408719128e-01
8.791071745286247463e-01
9.713664509952706361e-01
8.176010161534897902e-01
7.790375437814590631e-01
9.990520476884429124e-01
9.256026107014742044e-01
9.910123391396452597e-01
9.890303491146742454e-01
9.969552070698661783e-01
6.334068744868190937e-01
8.277700374556756779e-01
7.731017473914332250e-01
2.583820914531387292e-01
7.267805342746901376e-01
9.521073153587027438e-01
8.753268867428349864e-01
6.132871672067046198e-01
8.680952757435475009e-01
9.537590845285938146e-01
6.291573648092054771e-01
5.962575163160789282e-01
9.975977634193899934e-01
9.201522345687390692e-01
9.943757702531108578e-01
9.471117237220137985e-01
9.995617430696585037e-01
7.863692864397489046e-01
9.797380780556212976e-01
9.607438595439096174e-01
9.797190067571874827e-01
8.810783651992896148e-01
9.447598374805596944e-01
6.017689137279562672e-01
9.328466571537509244e-01
2.644472744709692735e-01
9.452352606553937608e-01
7.765968321597218615e-01
3.362349504802951694e-01
9.928071092717318802e-01
7.975316353711143780e-01
8.741231593704730241e-01
9.460332400454515289e-01
9.020218636310216587e-01
9.480798652107428337e-01
9.940821223332004797e-01
9.574903740119273809e-01
