2.522985481888315729e-01
6.291815111632732549e-01
2.269143989846107434e-01
8.428782101637437296e-02
5.913702198440887181e-02
1.811464309175170317e-02
7.449209881024761865e-03
3.691930367798035295e-02
2.355377749053868749e-02
2.507127580887605345e-01
1.260962989697465841e-01
2.101627406049228972e-02
2.945672242740959290e-01
8.258443196862284008e-01
6.888834769114500489e-02
9.869263758142361037e-03
2.051710957379943023e-01
7.567882630943731023e-04
8.567066329047967610e-03
2.216664714254854562e-01
2.119893165233186291e-05
1.284410894497808320e-01
2.537443401789455343e-03
1.726882732562627296e-02
1.018236203896869278e-03
1.704450018936057853e-01
3.602751024751297323e-03
4.405544769214286144e-02
4.751336158862010106e-02
1.456070442039242852e-01
6.411036890946879806e-03
1.261929095283919819e-02
2.150741972406779445e-01
3.195054252928067611e-04
7.288609578920093000e-03
3.645419205206441035e-04
3.982010804754215066e-02
6.781620079474255380e-01
2.076448800024594671e-02
8.925451941320911020e-02
6.512245395769712675e-02
1.329978837896161198e-03
3.223659478718105334e-03
1.266015671164515966e-01
4.315088077995237782e-03
3.846917881113695072e-03
2.609812528497609807e-01
6.128974272285659872e-03
1.517935183322136538e-03
1.027816452088157612e-01
8.383532517755277746e-01
4.257636796298196191e-02
3.962436004602811791e-03
6.145865488480993788e-01
3.398344791980254520e-01
6.622203367096760225e-03
3.978837115141020675e-02
4.745570072666585593e-02
5.041992454958851106e-04
1.755106321217510257e-02
2.959114205626090909e-04
4.718901639560822876e-03
4.796569185213470088e-03
6.952551059570490077e-02
1.015223130818073598e-03
4.635704920373593940e-01
1.619361380862906468e-03
8.734736622224433325e-03
1.717680403550215715e-02
3.229369443864435474e-02
2.114494928270763824e-02
8.002465865529012623e-02
3.138790058919481950e-03
1.449144444406149645e-01
3.857477625071425997e-01
1.597924935758559097e-03
1.011385553473340138e-03
9.872410949757202438e-04
1.666095264012242352e-02
2.688431960605632276e-01
7.815090228465926270e-01
1.193288617308089078e-01
3.535487247258419711e-04
4.128471464267886165e-03
2.240254534957320529e-04
4.768724212148471760e-03
2.114012383849835919e-01
1.134581568860320569e-03
1.072993038418710264e-02
3.550731067977580275e-03
2.453675955120646068e-01
4.301178609915016215e-01
6.729065647794747317e-04
4.722920285593708647e-03
9.231866482801307505e-01
3.792822393194509312e-01
2.744688227956253168e-03
2.900967816237495431e-02
2.221952180872725346e-03
2.018810663056947730e-01
9.529299309673807186e-03
1.509661433816597842e-01
2.536906904154483389e-01
9.538970259225244483e-03
4.201518536316443259e-02
5.963665336505152674e-03
9.609668852215426729e-03
5.576516692605466580e-04
8.922608016964812816e-02
1.929686656507587127e-03
3.289830274389480419e-02
3.745843230087351193e-04
4.232145606829543737e-03
2.308789943981490525e-02
9.475497549329170194e-05
1.262805742910578025e-02
1.781794870082194504e-01
4.370298414504981933e-05
1.546859050617028011e-02
4.030437226047171584e-01
7.630753307647996590e-04
2.833663987799794805e-03
6.310247486279366332e-03
1.239263748758382272e-01
8.596054928627094860e-02
6.148855065122752622e-02
4.438892691738232504e-02
4.698917560324550324e-01
2.247735750622911321e-03
3.697092202807310962e-02
1.547805874891491906e-02
9.793670909776395692e-03
6.588652797395886385e-01
3.215234321814029045e-02
2.264035765999446777e-03
8.737680587230128859e-02
1.699612723104918909e-03
2.462374911607191977e-02
1.914929718765478832e-04
2.962448506353605217e-03
2.347881754319941592e-03
7.882733913126553638e-02
2.259503819438041239e-02
2.491592609284245391e-02
1.968156776943504310e-03
1.198140822757098227e-03
9.998702495636049500e-03
4.793213616991453402e-02
2.895010339904476471e-03
5.794090146925338913e-02
3.818319817955852236e-02
1.061454396359039291e-04
2.017363779801240823e-03
2.522278711135465812e-04
6.535776392763199549e-01
9.580606537815072876e-02
1.396243869791185740e-02
3.117927396487072848e-05
9.190148048562739314e-03
1.299130749484080083e-02
5.044169988218497602e-01
1.729988222420591722e-03
6.087604911420434499e-04
4.030888317865183312e-02
8.837550550235781857e-03
7.616092886303034160e-01
3.194265263959532135e-03
5.724699150298599715e-03
8.079314776237183401e-05
3.113864514452822918e-02
2.773019576138640446e-02
1.733946766856277535e-02
6.248646289591025527e-01
1.600727671827768123e-02
5.248484825006899390e-01
4.598613561826871976e-01
3.679914359269780832e-01
2.073832203421485387e-01
2.014344727020597747e-01
3.909430721990411750e-02
3.671276667847953729e-02
1.289889571754513076e-01
8.859490876047623753e-02
1.327556072370661769e-02
5.072834209087973001e-01
4.080079057165173981e-03
4.614228278435306661e-04
6.167317319186783886e-02
4.453954821246445400e-03
1.252039754245338685e-02
2.376122647563131741e-04
6.914112794353630652e-03
2.551220368531841205e-03
1.370521816533098059e-03
4.541782118209865549e-01
4.387466335960694941e-04
3.372435645284970439e-03
3.629477150721870937e-01
4.266943881838336505e-01
1.085958406646663904e-01
7.325047841764738277e-02
3.537249402382874885e-02
1.527820764682025385e-02
1.279592073799118435e-01
7.143819807581824888e-02
2.190096278522377093e-01
4.392818049224969101e-01
1.992544234031454753e-01
5.072691016198129649e-02
3.027389873474639614e-02
3.419537707521855176e-03
5.507817630204743563e-04
2.430247668459677504e-02
2.041145033273186193e-01
9.529432665615306108e-02
7.555474451858783247e-02
4.060188206853409393e-02
7.319242771884163466e-03
8.592556681765622581e-03
4.331819857670005103e-01
4.008130023372467876e-02
1.372767714904861956e-02
2.671507356990438994e-02
2.431297871149976607e-03
2.812262345192478308e-01
2.047723749195927700e-01
2.040999115930896002e-01
1.472765551374591135e-02
2.030375063636131322e-02
1.212226829694854416e-02
1.543411983988234870e-01
9.013111405961368727e-02
4.221452799765690322e-02
2.470554852683790742e-02
1.909603034036528313e-01
1.410047417361831590e-02
6.054915884132129611e-02
2.364629974729440809e-01
7.832888827251467678e-02
2.277801389201535834e-04
1.224576531068933272e-01
4.937342768001774795e-02
9.562905979191710371e-03
4.271118531138925339e-02
7.620755774412224515e-02
9.733957500821885933e-01
5.832936016194702894e-02
2.920525237464988710e-01
2.680926280027885467e-01
8.225392180182401758e-02
3.793858464744040426e-02
5.020005240949155789e-01
1.232468217741373344e-03
1.968107255338039530e-03
9.910742971895520823e-03
5.108620837719269475e-02
1.001899019451596429e-01
3.657639341421455720e-02
9.992946025338420111e-04
1.457683478883976726e-04
3.341880404866763576e-02
4.671699536992539314e-02
5.370420732077356082e-04
2.644042901534089940e-01
1.195533020101516714e-01
1.105795310752000216e-02
4.029047284925748804e-03
3.116096624103367740e-01
1.547114207579501632e-01
7.476544252517721909e-03
5.683842957941528246e-02
7.496702775582464624e-03
5.940508829167221588e-03
1.408725473377399687e-02
3.493528568916180310e-03
5.100112683935267843e-02
5.802261427602384974e-02
3.149901017618314536e-01
1.803662130179020922e-04
8.105303501635847951e-02
4.041534156651632181e-01
7.905961712234703398e-02
3.564785711751635583e-02
4.034344225300466602e-02
8.255371010622260253e-02
3.190200146310979198e-03
6.066391002780935349e-01
8.323354276545442965e-02
1.311815394795683154e-01
1.484989207186061290e-02
1.858802404593997738e-03
2.694386866894486754e-03
1.085787740887003416e-01
1.602629544455780319e-02
2.029889812550274009e-01
4.837470460821971150e-04
2.428242624456386778e-01
1.060229463591291646e-03
1.074971560435700017e-02
9.706514578984866415e-03
1.146871265833499381e-01
4.087590014034764851e-01
6.547283549241011275e-03
2.410642989721534235e-02
5.650384380694117338e-03
5.078313297497154179e-04
8.355789673799737804e-02
2.526247508236637018e-02
1.080659917628101763e-02
6.209764797719907053e-03
2.099999703748046675e-01
9.603637948075219831e-04
1.565343222832197012e-01
9.021741990509124509e-02
2.312136329584367999e-04
3.347931034361160962e-02
2.209434781384634339e-01
8.670896360008482212e-03
7.696940930934164325e-05
2.694080375137837199e-03
4.231955341648204610e-02
3.419072491571770699e-03
5.054302957142443598e-01
5.291250117898304781e-03
3.426682000628965274e-02
4.294302143225502827e-02
1.845996851069333158e-02
7.145418285094364734e-04
1.198300925320204199e-02
1.964555316525369577e-01
1.798298711454750232e-02
1.161528215094829314e-03
6.624035649117594737e-02
1.350380713504084574e-03
9.732476600646761122e-02
3.762233318112342406e-01
7.278475381138102378e-04
4.099277748469754620e-04
5.871352857992170327e-01
3.776479055059317469e-01
1.534947201730204258e-04
2.826846550914649450e-03
2.453048571330406491e-01
1.286783944041064963e-02
2.728530840765444054e-01
2.843483883645042676e-01
4.356852717161419641e-01
4.698546827571842277e-01
2.581173403536747291e-01
8.752864346005520546e-02
5.604806957098408928e-04
7.152880437153887050e-02
5.009043693565827949e-04
3.574436000516753587e-02
9.379614898777173249e-01
1.046573259043056953e-01
7.429395018321245381e-01
1.770261503187153113e-02
7.936111543278218106e-02
2.703543169794028837e-05
2.043465051362815699e-04
2.714442393113079555e-01
9.568727456751768834e-01
6.226473140868279410e-01
4.273990583345150911e-03
1.077494163128901467e-03
1.902025090289591455e-03
3.030736749243367334e-01
2.511033983552705684e-01
1.966976665663842678e-03
2.469787548695830948e-01
1.564996835657924551e-02
7.675547327959690858e-01
1.160603878171889632e-04
4.971927277719167225e-03
6.164937010615079670e-04
1.736220561441224886e-01
6.001192996524475076e-02
8.414256958421595725e-03
3.426957319738870300e-01
1.454554590231252609e-01
1.824679373761530464e-03
2.659485967551146191e-01
1.269191111781600885e-02
2.825009369762789824e-01
9.940083908080036279e-01
8.424442775796897945e-03
2.550214021708219723e-03
6.272804288921207672e-01
8.908845852563200829e-01
1.394864660791698789e-02
3.272508986090178623e-03
7.438395435397152089e-02
1.833123294757205840e-02
3.390875103052884160e-03
3.159829284569938279e-01
2.223563838555344882e-02
4.966502382421152106e-02
4.594221836937901343e-02
5.133364680464188451e-02
3.293350472739648427e-01
2.695947056339472181e-01
5.213969487297036645e-04
1.749644179258046843e-03
1.286470768139086037e-03
1.068309289578270316e-01
7.049487302965502800e-02
1.469018075745705254e-02
3.582747602977368606e-01
2.240057833131729736e-01
1.210719612020596039e-02
4.766173443303022700e-02
3.435212714188300431e-01
5.370650659659878187e-03
4.941404864645243360e-03
7.058142072687011159e-02
1.897397367165032933e-01
5.521559843923547900e-03
4.021505503149600674e-02
3.787048597902218077e-03
5.754861634721614161e-02
3.227484654473647668e-03
2.058778445452122408e-02
8.222173943026436825e-04
2.274408633950871297e-03
2.778491365041820677e-03
7.737122393371027862e-02
1.434779908158013116e-02
1.174000294412636675e-02
6.026416908142288031e-01
8.587808787056832038e-01
4.324769026435695829e-02
7.988155679292657373e-05
2.842124656620936135e-02
3.928209952824380374e-02
2.092076461373142387e-03
3.378134323549768225e-02
3.669395704978227757e-01
3.909567246425570131e-03
5.023925316347727099e-02
4.335182265164981563e-02
2.007003042111084601e-01
4.331909755587307672e-04
4.539772460412699884e-02
5.550388014431821906e-03
2.275331035950920941e-02
2.313030743470252584e-03
3.596728373160360242e-03
1.972719660359752072e-03
1.232193264346482520e-01
1.311432119358543202e-01
3.449504253787733510e-01
1.081146699579173531e-01
2.313211574606591561e-02
8.971101619455789170e-03
1.342584908792601173e-01
9.399498869036659876e-01
2.838695562446106879e-01
6.596102552862875834e-02
5.847418634527844390e-03
6.966066152307949164e-03
3.100309751651274953e-02
1.484760552517553830e-02
4.400180664235011675e-03
5.218750730475958666e-03
3.254215951331484308e-02
7.983623369377182291e-04
5.733786709580645374e-02
8.683401709479625363e-02
2.192424693890309036e-03
1.604508839790800834e-01
1.390300244292188292e-01
1.765925420937101368e-03
5.580277829876364266e-04
1.375367636955274545e-02
1.541807197440547283e-01
3.431257172113734433e-02
1.016498583009814299e-01
4.831819777041795709e-03
1.376296799323551518e-03
3.186720612741496955e-03
1.043277713322132271e-03
1.207965637299274414e-03
3.126196422465814251e-02
6.993382023210513720e-01
1.289757807716800965e-02
2.997170915541749400e-02
2.192048124344227189e-01
4.063602435938391648e-03
1.904342457930732996e-04
6.250498994666877639e-01
7.913445289088943957e-02
1.515042994619686112e-01
1.913875031826602902e-01
2.379400669921742748e-04
1.985854782619060968e-02
2.166942469580954503e-02
8.522241948499396924e-02
5.766632800689471816e-01
2.858980305702670541e-04
7.408603000707500615e-03
1.153557367698792996e-01
3.490264995218699678e-02
2.490181983391844792e-04
1.068705550528525026e-02
7.059003799392268635e-04
5.263721544841923339e-02
9.447587142621892073e-03
8.601798200602737976e-02
2.154429641918267080e-01
3.768033883176678533e-01
6.598963047375008273e-01
1.103774242538072166e-02
5.491712379080219142e-01
1.132756101239875551e-02
1.008188652332018403e-02
3.027401689803757828e-03
4.999436464562755349e-04
4.294232196257342649e-01
7.119017396288662095e-04
5.562029948430619736e-02
9.944508958608994087e-02
4.369725869053728978e-02
4.211779883530192836e-01
2.136457980703063420e-01
1.123998747483795748e-03
1.053712919073612614e-01
5.460792422608159958e-04
6.605970008392014205e-05
3.448653186361070547e-03
7.492420582628969011e-03
3.213287827688216143e-03
1.987779443664888096e-03
2.741380362726165698e-01
3.154994481200346871e-03
9.178770119448727005e-01
3.463191125278348471e-03
2.289607879215061620e-02
2.684558671619142328e-03
3.129356136543286464e-03
3.371561147031995435e-03
4.151425921956835019e-01
5.896331846693304325e-03
2.290400159029229790e-02
7.415670160078257078e-01
1.058523370564197312e-02
2.822167994524084605e-03
7.197928513860779587e-02
8.065877458707411407e-02
6.173784214016474550e-03
2.882475119091516174e-04
3.870056611176524511e-03
2.612893616794667237e-02
1.494359744459363955e-03
9.807262007847148896e-03
4.310421145073087268e-03
5.393584453016959761e-03
1.526808280198256899e-03
1.621322830697558611e-03
1.589943853204136594e-03
8.219755660433201430e-04
3.867470412558855763e-02
8.718453008398717452e-02
1.082941271892098054e-03
7.454381808524844777e-01
1.172647324499370008e-01
1.288574616071400461e-02
2.062829767815054643e-02
2.711404332801471001e-03
9.523854076056083307e-02
5.210003744053337549e-03
1.138197722083267825e-02
2.093413535542356686e-03
7.966671152771365172e-01
3.259065859557098294e-02
3.509482205002534272e-02
5.784350013697858554e-03
6.082021021165047887e-05
5.118389424002119104e-02
5.010062671418057459e-03
5.786995449753521824e-04
1.340165355377510685e-02
3.674536447660618375e-04
2.798082966990769194e-01
9.983242924635170323e-03
5.183949178051990847e-01
5.209491909024076967e-02
2.232948616555470167e-01
6.746038693230526143e-03
2.624480616210687206e-02
7.390326017287639493e-01
6.715528126184483991e-03
3.163278876209767859e-02
7.615646861182553407e-01
5.194386417677538531e-02
5.309740328878506752e-04
1.188677330179517960e-01
2.954118107468676341e-02
4.694998005574137212e-02
1.035278887040828877e-01
8.069121476080116928e-02
7.049533942763389245e-04
2.872750045557678159e-03
1.123449653350451771e-01
7.236110442035968982e-01
1.085063365794383533e-01
8.265773225085468190e-03
1.954579725213057700e-02
3.664598386946486385e-03
2.058447422604182692e-03
3.045127852641077437e-01
9.175347656976415855e-01
6.715301562901812528e-04
1.722123116967368616e-03
3.443163079044730783e-03
2.034369581324125056e-02
8.327122954754333922e-03
2.053530978520410992e-03
3.528652671200997043e-02
3.431824214324866174e-01
8.196869507999826610e-01
9.774938605718506111e-04
1.643556608023434840e-01
1.045181959504893135e-03
2.404613743326639366e-02
5.733918462483700990e-02
4.280920576662997773e-02
7.583557079633924947e-02
5.977611089934919963e-01
9.282638026596659727e-04
7.787943663373748590e-03
7.482807282856268616e-02
7.126173805704167918e-01
1.220890416128964919e-03
5.137364809381023134e-02
1.048904415790525191e-04
5.224612197941817457e-03
1.133477510837333120e-02
1.394577735354323583e-02
5.175632982564614196e-03
1.917203523876475635e-01
1.009362661443353814e-04
1.721035352055814149e-01
2.565296714087680376e-03
6.334018766138642398e-02
1.638699300690297719e-03
7.764110917305316883e-02
1.351308521531997542e-01
5.258747159995932341e-01
2.690895262093971098e-03
5.273802743646583968e-01
4.507605342482658983e-01
6.843927452395597300e-01
2.830612086535319247e-02
4.498464976321593367e-01
3.936535488604289527e-03
5.555397345733834591e-01
2.567468742063581943e-02
7.569658732095091956e-03
2.936947100116953695e-05
7.484542232076662853e-03
6.026626293106231158e-02
1.459976808357286819e-02
2.610347899631842439e-01
7.666443483247650792e-02
3.356744950758807494e-02
8.524457505572168373e-03
1.619251544554868860e-01
5.996760330779866283e-02
2.203336203510058156e-01
1.327853473071468615e-01
1.956991693219399531e-02
1.940628343796918787e-01
9.352120184762025348e-03
2.221311476856287648e-03
1.204036487314799533e-03
1.272198142764016937e-01
3.192309158439187167e-01
9.473426423594623336e-02
1.735098845252437405e-01
2.576781562278353532e-01
8.999973782255292747e-04
7.877373248926641466e-03
3.095535294816023283e-02
6.275426311919332090e-01
9.013875862112406823e-02
5.064984229715742137e-01
1.357454454669068146e-02
2.462293800214213069e-02
4.383804561152434415e-02
7.117914608033547308e-02
4.454608094947255098e-02
3.990811858411597024e-02
3.007440036593055921e-01
9.783048083678116437e-04
6.942872216176633471e-02
9.112617422169080883e-03
4.085484618975952645e-04
1.322919065290254414e-03
7.699186041605782412e-03
7.583813039343333508e-04
1.718657031299828872e-02
1.403633365485769946e-01
1.541754708812433441e-02
6.412784216983789809e-02
5.531669179186913046e-03
2.819198560122825395e-02
6.431726589961423921e-03
3.124943334532021000e-01
3.388557731754224429e-03
9.976352386869876687e-01
4.277321141878316982e-03
8.750926309264516574e-04
2.778409205827984778e-03
3.721468120555591202e-02
8.700893061212602309e-01
1.512857894883911682e-02
5.952427397691013172e-02
9.638120384151234454e-02
1.428123638098490744e-01
4.709922517024533323e-02
1.316058316728553612e-01
6.799850723698037946e-02
6.241319509046768660e-02
4.031672704041935895e-02
7.093228321191294298e-04
7.538927759352666291e-02
1.772578433054756986e-01
5.201286482562083452e-02
2.460875305601936940e-03
3.056563366254796011e-03
1.008642780421617480e-02
9.325369185832854495e-05
1.090648792626284364e-02
1.432472163858018732e-01
2.738268374424532303e-02
2.143769881300975570e-03
1.041034977365499908e-01
3.273578600663824001e-01
3.057180671379960968e-01
2.142315941604387153e-01
2.642893876665706283e-04
7.219448216714313693e-02
8.125050896238583328e-03
1.137423058972138190e-01
1.073521838868334542e-02
4.493057779681709774e-02
2.569567715128497909e-01
1.092864732810289695e-02
6.863732855736458249e-03
1.716421354261539120e-02
5.675451629659460373e-01
5.189858506555621769e-04
1.510265838178014193e-03
1.256684798177118145e-01
1.610085843141847604e-03
8.493041996375679803e-01
2.914663649144679236e-01
1.159626077230347524e-01
3.605230105442821641e-03
6.640999771040188154e-03
5.349664596798662380e-02
1.762335252378747497e-01
4.879248115402631445e-04
1.991873810811947698e-02
9.791740556124920586e-03
8.898264690683874156e-03
1.285843051017398174e-02
1.441564274065191553e-01
2.457105500060272063e-01
3.049333322228813814e-01
1.090874627423532861e-01
2.224970545747964323e-01
1.488102058772879349e-04
2.135066232409377034e-03
4.832588336598661605e-02
1.027734009229750722e-01
9.976826793700273310e-03
6.215195197106153369e-02
4.217366469180265122e-03
2.226600265760908092e-03
1.089220783122768835e-02
1.867348127990462736e-01
1.478966657876277721e-02
4.154967570582644015e-02
3.605266329984482820e-02
2.389425670428997270e-02
2.706598867219990752e-04
4.783154041274621515e-01
4.732527005423385093e-03
6.637627279018883109e-02
4.782337989162788877e-02
8.757936536676802497e-02
1.615677100872228156e-01
5.114528931208879303e-01
4.638372505600400070e-02
1.828986623046154059e-03
1.081393227645455757e-01
8.490484949799391445e-02
4.317355839709344743e-03
1.894808700439994738e-04
1.093783052875968997e-01
2.660311446512550471e-02
5.898589003856224977e-02
3.389995551351821651e-03
9.005524688458491816e-04
5.113386893669231714e-01
1.811176406693695059e-03
9.008500102969785436e-05
8.733880351056423587e-04
2.410143407784391331e-02
1.273498304181011898e-01
3.625825248715475874e-02
7.101402851654393666e-01
2.190479197393583044e-01
1.907201708750769914e-02
6.511316838591198718e-03
5.989785108187399565e-02
4.223363412783037035e-02
3.080651370384305254e-01
4.238467829558457273e-02
3.233839263746871029e-02
5.829412013670585146e-01
1.235478572592802610e-01
2.612656499725153712e-04
8.675647136543063187e-03
1.591657429124133157e-03
4.158684116469308321e-03
2.419046761163267945e-01
4.790993125734539922e-05
2.208626811088435990e-03
2.545067876337871182e-02
7.371650119408616753e-02
8.798106808114105615e-01
6.666707878373901190e-04
3.849574271716442453e-03
9.443398028227154104e-04
7.636838067593929599e-05
1.028861923135826889e-01
1.566624957717330791e-01
1.102716458109471260e-03
9.525298715933666616e-01
8.657763872298605487e-04
5.479831671744937998e-04
7.586470920474377988e-02
1.484837466124131478e-01
1.002380220343354264e-02
8.706028181411112898e-02
2.718203729362198562e-01
4.136371849209150020e-02
9.864509842324974132e-04
4.751245030446759991e-03
2.747071298728816658e-03
1.255705980273914002e-01
2.182348358332536140e-03
2.310293196897765175e-02
3.030030405759405465e-02
3.255817130345131094e-01
2.584181437883633081e-01
5.456168034294153063e-02
1.555938983210888860e-01
3.494033807851045642e-02
3.739612346859857300e-02
2.770203773991394575e-03
8.244991940710921178e-04
2.584744090577536287e-03
3.842259654153537540e-01
1.540640855294463651e-01
5.133654725208386393e-02
3.465207552536803820e-02
5.784291807868191179e-03
1.376295780312016270e-01
3.346553022138368944e-02
6.584611770670327664e-03
4.704091436761832085e-03
2.577314040172172809e-04
4.027452020180866815e-02
5.273984459619758926e-04
1.014188157295285893e-02
9.716379391746311420e-03
1.539689003736155991e-02
7.841147916431001619e-02
7.558625391692765268e-03
1.488384200349110497e-03
7.159732828232159320e-03
6.203700929795394337e-02
4.754199810584018304e-01
9.253092566502800487e-03
9.169404164642451505e-03
6.782654409534476367e-04
3.338634808653781570e-03
4.016875252449584937e-04
1.211332008634874967e-02
1.647936688012294898e-02
6.367463800764949777e-02
2.508728043535657926e-01
5.429800435639706713e-01
2.024259855635726375e-03
3.792695886856729988e-03
8.495808492509981935e-02
4.643454327722969233e-02
1.525493004879154534e-02
1.292733063137503375e-03
6.676725048976854364e-03
3.369876818775708639e-03
5.301369985445857080e-03
4.969991698963139963e-03
7.494891076168737343e-02
6.222568854254136861e-01
3.153855931220999609e-01
1.395444403474910555e-01
3.508371539382319770e-02
1.151341303886732198e-01
5.732550942117607066e-05
9.394949725618144398e-02
8.648637451670563303e-01
6.574848352470078483e-01
1.169059110703471460e-01
8.670141351535057272e-04
2.269499805170180438e-03
2.533846415072590549e-02
2.256552319381768638e-03
5.201716664891886449e-04
1.141894976488705554e-01
3.015674464785431368e-03
1.710512995404218570e-02
2.707614641652060505e-02
3.179909561425232553e-03
2.582756148619919437e-02
6.848674575708302119e-04
5.808460286962503771e-02
4.682262351798946454e-02
4.381003783482780890e-03
3.524871567600118549e-01
8.558270187011430830e-01
1.260878880670871505e-01
9.775586912722284208e-03
2.269796845928031409e-02
9.849151251516430079e-04
2.937068011361458342e-01
4.769551049442865079e-03
1.311554583084155734e-01
5.388286176861630805e-01
6.128045389829747114e-01
7.980106293547466548e-03
6.649346251530098284e-01
1.038537714037951823e-02
1.434949076806159339e-03
2.486513193561587856e-02
4.992494614525476177e-04
5.279964289117418108e-01
1.259170849186218787e-04
6.155970566976054405e-04
1.024301769485880861e-03
1.607496340198230405e-03
5.253031191436853369e-03
7.267591550156765612e-02
3.273171312144359385e-02
8.524374220502708988e-02
4.481346444428362108e-02
6.369847459107016441e-01
5.490142628808391406e-02
5.280936434270929510e-04
1.284593226014562207e-03
2.595310903532731528e-01
5.406078284482213970e-04
4.659915071586234053e-02
3.559528521300794369e-03
2.381470999207974722e-03
1.272242816980412305e-01
2.154390122315111983e-03
1.441579674015543711e-01
3.264767317367948674e-01
4.291590548023754836e-02
4.086906422187112052e-03
1.015763990609745149e-01
1.688422547874252611e-01
3.084011420803790815e-02
2.673868237698291406e-01
5.422049112207679572e-02
2.349247290774276239e-03
8.807129386015181971e-03
2.360308386882925633e-03
8.344999071687857206e-02
1.067712006480850997e-04
2.546879706558176359e-02
5.376267701639703914e-04
3.078305558130857433e-03
7.580399704922095028e-01
9.968860844684067357e-02
1.829781126580409117e-02
1.090063331715702705e-03
7.925345522541342100e-03
4.547587315303101840e-02
1.028491038470261652e-02
1.782451286211825942e-02
3.295354178328248340e-02
1.127763748211632134e-03
8.839172797470290499e-02
1.077130522660692952e-01
9.947258229865660883e-01
8.841077881542740435e-01
9.859312587656084981e-01
9.739985880329022905e-01
9.795813951999116087e-01
2.299225335140432924e-01
7.452367838266572564e-01
7.403470499553477246e-01
9.948093593718098093e-01
1.705197490643736713e-01
9.294801460143277128e-01
8.996578237157077940e-01
1.829188951714306177e-01
9.962340734040669998e-01
9.813333626727964720e-01
1.107044481190403856e-01
9.714685412386354635e-01
9.424585201187656303e-01
9.640267475441601785e-01
9.178516050459828435e-01
7.489174826315344591e-01
9.985250787751490664e-01
9.858648538398688821e-01
3.346520023052814707e-01
9.613159574697773824e-01
9.262533456958716993e-01
8.661952946931250619e-01
9.286931393614771268e-01
9.851828686754344755e-01
8.153001587464399069e-01
5.804786746359835714e-01
9.649261232397913224e-01
4.440314025367033124e-01
9.899614608584875741e-01
9.992086246355136314e-01
5.284498369861903022e-01
9.910816374247507499e-01
4.682387750687544425e-01
9.633271412865251904e-01
6.852930828638738037e-01
8.987491058922004727e-01
1.915839442100576717e-01
7.593063931197259198e-01
9.713980492871904238e-01
3.751128541221681045e-01
8.865477412278293112e-01
9.375533635015701472e-01
9.183745318079908904e-01
9.962189663577348808e-01
9.975340978186564289e-01
9.615747399254445105e-01
7.796866027366912144e-01
5.813802221949342375e-01
9.908155169903253290e-01
8.399787892813771473e-01
9.635901984503357776e-01
6.460473000129625110e-01
5.750605505617070179e-01
9.987772485074088991e-01
8.766200405128864448e-01
9.815445443628100231e-01
9.765724006102195487e-01
9.947076082146052434e-01
4.852482842196588209e-01
6.821878025440129001e-01
6.352888238084624106e-01
1.317370926367317507e-01
5.977403276221392447e-01
9.016914959280786235e-01
7.809291988815681984e-01
4.520493197805389163e-01
7.701211135987170442e-01
9.354101417232015825e-01
4.246559300804424453e-01
4.917382563358617120e-01
9.953848867484618168e-01
8.739130238655619110e-01
9.896885087020720340e-01
9.162138589663544330e-01
9.994104402038894719e-01
7.297363623431962765e-01
9.626636973223989813e-01
9.401248599173324116e-01
9.533973227674090722e-01
8.106736772708781347e-01
8.966346841541299462e-01
4.392291601461710271e-01
8.949500979345778040e-01
1.422638315792809083e-01
8.930478161173756035e-01
7.552371115431936177e-01
2.116463943824633265e-01
9.880302867478232276e-01
7.231830567896149198e-01
7.447536222845352327e-01
9.238964192829945965e-01
8.343953456734036767e-01
8.728787310599698257e-01
9.916043455740786161e-01
9.383044845497769959e-01
